Generation,Fitness,Victory
0,0.0,0
0,50.0,0
0,0.0,0
0,0.0,0
0,0.0,0
0,0.0,0
0,0.0,0
0,50.0,0
0,0.0,0
0,0.0,0
0,50.0,0
0,50.0,0
0,0.0,0
0,0.0,0
0,58.0,0
0,0.0,0
0,0.0,0
0,0.0,0
0,0.0,0
0,0.0,0
0,0.0,0
0,0.0,0
0,0.0,0
0,52.0,0
0,50.0,0
0,0.0,0
0,0.0,0
0,0.0,0
0,0.0,0
0,0.0,0
0,50.0,0
0,50.0,0
0,50.0,0
0,0.0,0
0,0.0,0
0,0.0,0
0,0.0,0
0,0.0,0
0,0.0,0
0,20.0,0
0,0.0,0
0,0.0,0
0,0.0,0
0,0.0,0
0,0.0,0
0,0.0,0
0,50.0,0
0,0.0,0
0,0.0,0
0,50.0,0
1,50.0,0
1,50.0,0
1,50.0,0
1,50.0,0
1,50.0,0
1,0.0,0
1,20.0,0
1,50.0,0
1,60.0,0
1,58.0,0
1,50.0,0
1,50.0,0
1,100.0,0
1,0.0,0
1,50.0,0
1,50.0,0
1,68.0,0
1,61.0,0
1,50.0,0
1,50.0,0
1,50.0,0
1,100.0,0
1,0.0,0
1,60.0,0
1,50.0,0
1,50.0,0
1,50.0,0
1,0.0,0
1,0.0,0
1,54.0,0
1,0.0,0
1,50.0,0
1,60.0,0
1,50.0,0
1,50.0,0
1,50.0,0
1,50.0,0
1,58.0,0
1,52.0,0
1,58.0,0
1,50.0,0
1,0.0,0
1,58.0,0
1,50.0,0
1,50.0,0
1,50.0,0
1,0.0,0
1,50.0,0
1,50.0,0
1,70.0,0
2,50.0,0
2,0.0,0
2,50.0,0
2,58.0,0
2,0.0,0
2,60.0,0
2,56.0,0
2,0.0,0
2,50.0,0
2,0.0,0
2,61.0,0
2,52.0,0
2,58.0,0
2,50.0,0
2,54.0,0
2,50.0,0
2,60.0,0
2,50.0,0
2,50.0,0
2,50.0,0
2,58.0,0
2,104.0,0
2,58.0,0
2,62.0,0
2,108.0,0
2,61.0,0
2,60.0,0
2,50.0,0
2,50.0,0
2,50.0,0
2,50.0,0
2,50.0,0
2,50.0,0
2,50.0,0
2,50.0,0
2,0.0,0
2,50.0,0
2,50.0,0
2,50.0,0
2,58.0,0
2,50.0,0
2,0.0,0
2,50.0,0
2,50.0,0
2,55.0,0
2,50.0,0
2,50.0,0
2,58.0,0
2,70.0,0
2,58.0,0
2,0.0,0
2,0.0,0
2,0.0,0
2,0.0,0
2,0.0,0
2,0.0,0
2,0.0,0
2,0.0,0
2,0.0,0
2,0.0,0
2,0.0,0
2,0.0,0
2,0.0,0
2,0.0,0
2,0.0,0
2,0.0,0
2,0.0,0
2,0.0,0
2,0.0,0
2,0.0,0
2,0.0,0
2,0.0,0
2,0.0,0
2,0.0,0
2,0.0,0
3,60.5,0
3,60.0,0
3,50.0,0
3,0.0,0
3,58.0,0
3,50.0,0
3,65.0,0
3,70.0,0
3,50.0,0
3,59.0,0
3,59.0,0
3,60.0,0
3,58.0,0
3,50.0,0
3,58.0,0
3,60.0,0
3,58.0,0
3,65.0,0
3,87.00001,0
3,0.0,0
3,58.0,0
3,58.0,0
3,55.0,0
3,50.0,0
3,61.0,0
3,50.0,0
3,200.0,0
3,50.0,0
3,50.0,0
3,50.0,0
3,50.0,0
3,50.0,0
3,50.0,0
3,50.0,0
3,50.0,0
3,50.0,0
3,50.0,0
3,50.0,0
3,50.0,0
3,50.0,0
3,50.0,0
3,50.0,0
3,56.0,0
3,59.0,0
3,50.0,0
3,60.0,0
3,58.0,0
3,50.0,0
3,0.0,0
3,58.0,0
3,0.0,0
3,0.0,0
3,0.0,0
3,0.0,0
3,0.0,0
3,0.0,0
3,0.0,0
3,0.0,0
3,0.0,0
3,0.0,0
3,0.0,0
3,0.0,0
3,0.0,0
3,0.0,0
3,0.0,0
3,0.0,0
3,0.0,0
3,0.0,0
3,0.0,0
4,185.0,0
4,157.0,0
4,58.0,0
4,60.0,0
4,50.0,0
4,154.0,0
4,50.0,0
4,60.0,0
4,0.0,0
4,54.0,0
4,108.0,0
4,104.0,0
4,60.0,0
4,58.0,0
4,0.0,0
4,58.0,0
4,56.0,0
4,0.0,0
4,58.0,0
4,58.0,0
4,82.0,0
4,50.0,0
4,58.0,0
4,58.0,0
4,80.0,0
4,60.0,0
4,60.0,0
4,50.0,0
4,0.0,0
4,58.0,0
4,0.0,0
4,50.0,0
4,61.0,0
4,50.0,0
4,0.0,0
4,50.0,0
4,50.0,0
4,0.0,0
4,50.0,0
4,50.0,0
4,0.0,0
4,200.0,0
4,65.0,0
4,50.0,0
4,60.0,0
4,62.0,0
4,100.0,0
4,58.0,0
4,58.0,0
4,108.0,0
4,0.0,0
4,0.0,0
4,0.0,0
4,0.0,0
4,0.0,0
4,0.0,0
4,0.0,0
4,0.0,0
5,54.0,0
5,170.0,0
5,132.0,0
5,80.0,0
5,220.0,0
5,50.0,0
5,58.0,0
5,58.0,0
5,58.0,0
5,59.0,0
5,65.0,0
5,100.0,0
5,90.0,0
5,0.0,0
5,0.0,0
5,61.0,0
5,68.0,0
5,58.0,0
5,60.0,0
5,58.0,0
5,0.0,0
5,59.0,0
5,0.0,0
5,0.0,0
5,62.0,0
5,58.0,0
5,65.0,0
5,78.0,0
5,50.0,0
5,60.0,0
5,61.0,0
5,50.0,0
5,59.0,0
5,100.0,0
5,220.0,0
5,170.0,0
5,200.0,0
5,170.0,0
5,129.0,0
5,85.00001,0
5,60.0,0
5,58.0,0
5,58.0,0
5,61.0,0
5,62.0,0
5,50.0,0
5,154.0,0
5,58.0,0
5,50.0,0
5,58.0,0
5,0.0,0
5,0.0,0
6,150.0,0
6,150.0,0
6,220.0,0
6,170.0,0
6,170.0,0
6,58.0,0
6,85.00001,0
6,100.0,0
6,50.0,0
6,220.0,0
6,100.0,0
6,150.0,0
6,170.0,0
6,150.0,0
6,50.0,0
6,50.0,0
6,150.0,0
6,220.0,0
6,150.0,0
6,170.0,0
6,200.0,0
6,159.0,0
6,50.0,0
6,80.0,0
6,100.0,0
6,101.0,0
6,108.0,0
6,114.0,0
6,154.0,0
6,78.0,0
6,171.0,0
6,65.0,0
6,61.0,0
6,68.0,0
6,58.0,0
6,200.0,0
6,170.0,0
6,150.0,0
6,150.0,0
6,170.0,0
6,200.0,0
6,84.00001,0
6,81.00001,0
6,150.0,0
6,220.0,0
6,200.0,0
6,78.0,0
6,170.0,0
6,50.0,0
6,111.0,0
6,0.0,0
6,0.0,0
6,0.0,0
6,0.0,0
7,175.0,0
7,150.0,0
7,150.0,0
7,220.0,0
7,0.0,0
7,200.0,0
7,20.0,0
7,100.0,0
7,61.0,0
7,100.0,0
7,150.0,0
7,100.0,0
7,170.0,0
7,150.0,0
7,170.0,0
7,170.0,0
7,80.0,0
7,200.0,0
7,170.0,0
7,150.0,0
7,150.0,0
7,170.0,0
7,170.0,0
7,150.0,0
7,200.0,0
7,0.0,0
7,61.0,0
7,150.0,0
7,150.0,0
7,200.0,0
7,170.0,0
7,200.0,0
7,170.0,0
7,170.0,0
7,61.0,0
7,84.00001,0
7,150.0,0
7,170.0,0
7,170.0,0
7,220.0,0
7,170.0,0
7,150.0,0
7,200.0,0
7,150.0,0
7,150.0,0
7,171.0,0
7,170.0,0
7,200.0,0
7,150.0,0
7,200.0,0
7,0.0,0
7,0.0,0
7,0.0,0
7,0.0,0
7,0.0,0
7,0.0,0
7,0.0,0
7,0.0,0
7,0.0,0
7,0.0,0
7,0.0,0
7,0.0,0
7,0.0,0
7,0.0,0
7,0.0,0
7,0.0,0
7,0.0,0
7,0.0,0
7,0.0,0
7,0.0,0
8,150.0,0
8,150.0,0
8,200.0,0
8,200.0,0
8,50.0,0
8,150.0,0
8,150.0,0
8,150.0,0
8,200.0,0
8,150.0,0
8,200.0,0
8,170.0,0
8,220.0,0
8,150.0,0
8,170.0,0
8,150.0,0
8,60.0,0
8,150.0,0
8,220.0,0
8,77.99999,0
8,200.0,0
8,150.0,0
8,50.0,0
8,150.0,0
8,200.0,0
8,220.0,0
8,50.0,0
8,0.0,0
8,58.0,0
8,150.0,0
8,201.0,0
8,58.0,0
8,150.0,0
8,170.0,0
8,200.0,0
8,220.0,0
8,58.0,0
8,150.0,0
8,0.0,0
8,150.0,0
8,170.0,0
8,220.0,0
8,170.0,0
8,150.0,0
8,170.0,0
8,150.0,0
8,200.0,0
8,170.0,0
8,220.0,0
8,150.0,0
8,0.0,0
8,0.0,0
9,175.0,0
9,0.0,0
9,220.0,0
9,220.0,0
9,220.0,0
9,50.0,0
9,174.0,0
9,150.0,0
9,170.0,0
9,150.0,0
9,170.0,0
9,200.0,0
9,170.0,0
9,170.0,0
9,50.0,0
9,150.0,0
9,170.0,0
9,170.0,0
9,220.0,0
9,150.0,0
9,220.0,0
9,170.0,0
9,200.0,0
9,170.0,0
9,200.0,0
9,150.0,0
9,150.0,0
9,220.0,0
9,170.0,0
9,200.0,0
9,200.0,0
9,201.0,0
9,220.0,0
9,170.0,0
9,150.0,0
9,50.0,0
9,200.0,0
9,170.0,0
9,200.0,0
9,150.0,0
9,150.0,0
9,200.0,0
9,170.0,0
9,220.0,0
9,170.0,0
9,150.0,0
9,220.0,0
9,170.0,0
9,150.0,0
9,220.0,0
9,0.0,0
9,0.0,0
9,0.0,0
9,0.0,0
9,0.0,0
9,0.0,0
9,0.0,0
9,0.0,0
9,0.0,0
9,0.0,0
9,0.0,0
9,0.0,0
9,0.0,0
9,0.0,0
9,0.0,0
9,0.0,0
9,0.0,0
9,0.0,0
9,0.0,0
9,0.0,0
9,0.0,0
9,0.0,0
9,0.0,0
9,0.0,0
9,0.0,0
9,0.0,0
9,0.0,0
9,0.0,0
10,210.0,0
10,220.0,0
10,200.0,0
10,150.0,0
10,128.0,0
10,220.0,0
10,220.0,0
10,200.0,0
10,150.0,0
10,170.0,0
10,171.0,0
10,170.0,0
10,220.0,0
10,200.0,0
10,150.0,0
10,200.0,0
10,150.0,0
10,50.0,0
10,100.0,0
10,150.0,0
10,200.0,0
10,100.0,0
10,170.0,0
10,100.0,0
10,150.0,0
10,170.0,0
10,170.0,0
10,150.0,0
10,220.0,0
10,170.0,0
10,170.0,0
10,150.0,0
10,50.0,0
10,220.0,0
10,170.0,0
10,108.0,0
10,220.0,0
10,170.0,0
10,220.0,0
10,200.0,0
10,150.0,0
10,150.0,0
10,200.0,0
10,201.0,0
10,150.0,0
10,200.0,0
10,150.0,0
10,150.0,0
10,50.0,0
10,50.0,0
10,0.0,0
10,0.0,0
10,0.0,0
10,0.0,0
10,0.0,0
10,0.0,0
10,0.0,0
10,0.0,0
10,0.0,0
10,0.0,0
10,0.0,0
10,0.0,0
10,0.0,0
10,0.0,0
10,0.0,0
10,0.0,0
10,0.0,0
10,0.0,0
10,0.0,0
10,0.0,0
10,0.0,0
10,0.0,0
10,0.0,0
10,0.0,0
10,0.0,0
10,0.0,0
10,0.0,0
10,0.0,0
10,0.0,0
10,0.0,0
10,0.0,0
11,160.0,0
11,150.0,0
11,170.0,0
11,50.0,0
11,170.0,0
11,150.0,0
11,170.0,0
11,220.0,0
11,170.0,0
11,0.0,0
11,0.0,0
11,0.0,0
11,100.0,0
11,100.0,0
11,200.0,0
11,200.0,0
11,170.0,0
11,150.0,0
11,220.0,0
11,100.0,0
11,201.0,0
11,170.0,0
11,150.0,0
11,220.0,0
11,100.0,0
11,170.0,0
11,220.0,0
11,170.0,0
11,220.0,0
11,201.0,0
11,220.0,0
11,220.0,0
11,150.0,0
11,0.0,0
11,170.0,0
11,220.0,0
11,170.0,0
11,150.0,0
11,200.0,0
11,100.0,0
11,150.0,0
11,220.0,0
11,50.0,0
11,110.0,0
11,220.0,0
11,200.0,0
11,150.0,0
11,150.0,0
11,200.0,0
11,220.0,0
11,0.0,0
11,0.0,0
11,0.0,0
11,0.0,0
11,0.0,0
11,0.0,0
11,0.0,0
11,0.0,0
11,0.0,0
11,0.0,0
11,0.0,0
11,0.0,0
11,0.0,0
11,0.0,0
12,160.0,0
12,220.0,0
12,170.0,0
12,150.0,0
12,220.0,0
12,150.0,0
12,150.0,0
12,220.0,0
12,150.0,0
12,150.0,0
12,170.0,0
12,220.0,0
12,200.0,0
12,150.0,0
12,170.0,0
12,59.0,0
12,171.0,0
12,200.0,0
12,200.0,0
12,220.0,0
12,0.0,0
12,150.0,0
12,150.0,0
12,150.0,0
12,150.0,0
12,150.0,0
12,150.0,0
12,200.0,0
12,150.0,0
12,220.0,0
12,200.0,0
12,150.0,0
12,72.0,0
12,60.0,0
12,220.0,0
12,200.0,0
12,220.0,0
12,170.0,0
12,150.0,0
12,220.0,0
12,220.0,0
12,100.0,0
12,170.0,0
12,170.0,0
12,170.0,0
12,170.0,0
12,60.0,0
12,200.0,0
12,170.0,0
12,170.0,0
12,0.0,0
12,0.0,0
12,0.0,0
12,0.0,0
12,0.0,0
12,0.0,0
12,0.0,0
12,0.0,0
12,0.0,0
12,0.0,0
12,0.0,0
12,0.0,0
12,0.0,0
12,0.0,0
12,0.0,0
12,0.0,0
12,0.0,0
12,0.0,0
12,0.0,0
12,0.0,0
12,0.0,0
12,0.0,0
12,0.0,0
12,0.0,0
12,0.0,0
12,0.0,0
12,0.0,0
13,135.0,0
13,220.0,0
13,220.0,0
13,220.0,0
13,150.0,0
13,150.0,0
13,170.0,0
13,200.0,0
13,170.0,0
13,170.0,0
13,150.0,0
13,170.0,0
13,150.0,0
13,220.0,0
13,170.0,0
13,0.0,0
13,100.0,0
13,150.0,0
13,220.0,0
13,220.0,0
13,50.0,0
13,150.0,0
13,150.0,0
13,220.0,0
13,200.0,0
13,220.0,0
13,220.0,0
13,150.0,0
13,150.0,0
13,150.0,0
13,200.0,0
13,60.0,0
13,60.0,0
13,150.0,0
13,220.0,0
13,220.0,0
13,150.0,0
13,220.0,0
13,150.0,0
13,220.0,0
13,170.0,0
13,170.0,0
13,110.0,0
13,200.0,0
13,150.0,0
13,220.0,0
13,220.0,0
13,170.0,0
13,100.0,0
13,170.0,0
13,0.0,0
13,0.0,0
13,0.0,0
13,0.0,0
13,0.0,0
13,0.0,0
13,0.0,0
13,0.0,0
13,0.0,0
13,0.0,0
13,0.0,0
13,0.0,0
13,0.0,0
13,0.0,0
13,0.0,0
13,0.0,0
13,0.0,0
13,0.0,0
13,0.0,0
13,0.0,0
13,0.0,0
13,0.0,0
13,0.0,0
13,0.0,0
13,0.0,0
13,0.0,0
13,0.0,0
13,0.0,0
14,135.0,0
14,58.0,0
14,164.0,0
14,220.0,0
14,150.0,0
14,58.0,0
14,220.0,0
14,200.0,0
14,220.0,0
14,170.0,0
14,150.0,0
14,170.0,0
14,150.0,0
14,150.0,0
14,220.0,0
14,170.0,0
14,170.0,0
14,50.0,0
14,150.0,0
14,100.0,0
14,220.0,0
14,200.0,0
14,170.0,0
14,170.0,0
14,150.0,0
14,170.0,0
14,220.0,0
14,170.0,0
14,170.0,0
14,220.0,0
14,220.0,0
14,220.0,0
14,170.0,0
14,170.0,0
14,150.0,0
14,220.0,0
14,220.0,0
14,170.0,0
14,170.0,0
14,220.0,0
14,60.0,0
14,150.0,0
14,150.0,0
14,50.0,0
14,100.0,0
14,100.0,0
14,170.0,0
14,170.0,0
14,200.0,0
14,150.0,0
14,0.0,0
14,0.0,0
14,0.0,0
14,0.0,0
14,0.0,0
14,0.0,0
14,0.0,0
14,0.0,0
14,0.0,0
14,0.0,0
14,0.0,0
14,0.0,0
14,0.0,0
14,0.0,0
14,0.0,0
14,0.0,0
14,0.0,0
14,0.0,0
14,0.0,0
14,0.0,0
14,0.0,0
14,0.0,0
14,0.0,0
14,0.0,0
14,0.0,0
14,0.0,0
14,0.0,0
14,0.0,0
15,175.0,0
15,170.0,0
15,200.0,0
15,150.0,0
15,170.0,0
15,150.0,0
15,170.0,0
15,220.0,0
15,150.0,0
15,170.0,0
15,200.0,0
15,150.0,0
15,200.0,0
15,50.0,0
15,150.0,0
15,220.0,0
15,100.0,0
15,220.0,0
15,220.0,0
15,150.0,0
15,100.0,0
15,100.0,0
15,220.0,0
15,150.0,0
15,50.0,0
15,170.0,0
15,220.0,0
15,220.0,0
15,170.0,0
15,50.0,0
15,170.0,0
15,200.0,0
15,150.0,0
15,150.0,0
15,170.0,0
15,170.0,0
15,220.0,0
15,220.0,0
15,220.0,0
15,50.0,0
15,150.0,0
15,200.0,0
15,150.0,0
15,100.0,0
15,50.0,0
15,150.0,0
15,220.0,0
15,220.0,0
15,170.0,0
15,100.0,0
15,0.0,0
15,0.0,0
15,0.0,0
15,0.0,0
15,0.0,0
15,0.0,0
15,0.0,0
15,0.0,0
15,0.0,0
15,0.0,0
15,0.0,0
16,175.0,0
16,170.0,0
16,220.0,0
16,150.0,0
16,50.0,0
16,170.0,0
16,150.0,0
16,220.0,0
16,150.0,0
16,50.0,0
16,170.0,0
16,220.0,0
16,220.0,0
16,79.0,0
16,170.0,0
16,150.0,0
16,220.0,0
16,150.0,0
16,150.0,0
16,100.0,0
16,220.0,0
16,220.0,0
16,0.0,0
16,170.0,0
16,50.0,0
16,150.0,0
16,150.0,0
16,150.0,0
16,220.0,0
16,170.0,0
16,200.0,0
16,150.0,0
16,150.0,0
16,150.0,0
16,170.0,0
16,220.0,0
16,220.0,0
16,220.0,0
16,220.0,0
16,220.0,0
16,150.0,0
16,200.0,0
16,170.0,0
16,170.0,0
16,220.0,0
16,150.0,0
16,220.0,0
16,220.0,0
16,150.0,0
16,100.0,0
16,0.0,0
16,0.0,0
16,0.0,0
16,0.0,0
16,0.0,0
17,185.0,0
17,170.0,0
17,200.0,0
17,170.0,0
17,0.0,0
17,150.0,0
17,200.0,0
17,150.0,0
17,150.0,0
17,170.0,0
17,50.0,0
17,170.0,0
17,150.0,0
17,220.0,0
17,50.0,0
17,150.0,0
17,200.0,0
17,50.0,0
17,150.0,0
17,220.0,0
17,100.0,0
17,170.0,0
17,150.0,0
17,170.0,0
17,150.0,0
17,70.0,0
17,170.0,0
17,170.0,0
17,200.0,0
17,220.0,0
17,170.0,0
17,100.0,0
17,220.0,0
17,0.0,0
17,200.0,0
17,220.0,0
17,200.0,0
17,200.0,0
17,220.0,0
17,170.0,0
17,150.0,0
17,170.0,0
17,150.0,0
17,170.0,0
17,170.0,0
17,50.0,0
17,150.0,0
17,100.0,0
17,220.0,0
17,200.0,0
17,0.0,0
17,0.0,0
17,0.0,0
17,0.0,0
17,0.0,0
17,0.0,0
17,0.0,0
17,0.0,0
17,0.0,0
17,0.0,0
17,0.0,0
17,0.0,0
17,0.0,0
17,0.0,0
17,0.0,0
17,0.0,0
17,0.0,0
17,0.0,0
17,0.0,0
17,0.0,0
17,0.0,0
17,0.0,0
17,0.0,0
17,0.0,0
17,0.0,0
17,0.0,0
17,0.0,0
18,185.0,0
18,220.0,0
18,170.0,0
18,170.0,0
18,150.0,0
18,170.0,0
18,170.0,0
18,220.0,0
18,50.0,0
18,150.0,0
18,170.0,0
18,0.0,0
18,200.0,0
18,200.0,0
18,170.0,0
18,170.0,0
18,170.0,0
18,170.0,0
18,170.0,0
18,220.0,0
18,220.0,0
18,150.0,0
18,220.0,0
18,220.0,0
18,150.0,0
18,50.0,0
18,220.0,0
18,150.0,0
18,220.0,0
18,220.0,0
18,200.0,0
18,100.0,0
18,170.0,0
18,50.0,0
18,150.0,0
18,50.0,0
18,220.0,0
18,170.0,0
18,170.0,0
18,150.0,0
18,170.0,0
18,170.0,0
18,220.0,0
18,170.0,0
18,220.0,0
18,170.0,0
18,150.0,0
18,220.0,0
18,150.0,0
18,150.0,0
18,0.0,0
18,0.0,0
18,0.0,0
18,0.0,0
18,0.0,0
18,0.0,0
18,0.0,0
18,0.0,0
18,0.0,0
18,0.0,0
18,0.0,0
18,0.0,0
18,0.0,0
18,0.0,0
18,0.0,0
18,0.0,0
19,185.0,0
19,150.0,0
19,170.0,0
19,220.0,0
19,220.0,0
19,200.0,0
19,150.0,0
19,170.0,0
19,150.0,0
19,220.0,0
19,220.0,0
19,170.0,0
19,170.0,0
19,220.0,0
19,170.0,0
19,150.0,0
19,170.0,0
19,170.0,0
19,108.0,0
19,170.0,0
19,220.0,0
19,150.0,0
19,150.0,0
19,170.0,0
19,170.0,0
19,220.0,0
19,220.0,0
19,0.0,0
19,170.0,0
19,220.0,0
19,220.0,0
19,150.0,0
19,100.0,0
19,170.0,0
19,150.0,0
19,200.0,0
19,100.0,0
19,220.0,0
19,150.0,0
19,220.0,0
19,200.0,0
19,220.0,0
19,220.0,0
19,150.0,0
19,220.0,0
19,150.0,0
19,170.0,0
19,220.0,0
19,170.0,0
19,220.0,0
19,0.0,0
19,0.0,0
19,0.0,0
19,0.0,0
20,210.0,0
20,150.0,0
20,170.0,0
20,220.0,0
20,170.0,0
20,220.0,0
20,150.0,0
20,220.0,0
20,220.0,0
20,150.0,0
20,170.0,0
20,220.0,0
20,220.0,0
20,220.0,0
20,220.0,0
20,170.0,0
20,170.0,0
20,150.0,0
20,220.0,0
20,220.0,0
20,220.0,0
20,150.0,0
20,220.0,0
20,220.0,0
20,150.0,0
20,200.0,0
20,170.0,0
20,150.0,0
20,50.0,0
20,200.0,0
20,220.0,0
20,220.0,0
20,220.0,0
20,170.0,0
20,58.0,0
20,220.0,0
20,150.0,0
20,170.0,0
20,220.0,0
20,220.0,0
20,220.0,0
20,220.0,0
20,150.0,0
20,220.0,0
20,220.0,0
20,150.0,0
20,220.0,0
20,3136.0,1
20,150.0,0
20,150.0,0
21,2536.0,1
21,150.0,0
21,0.0,0
21,150.0,0
21,220.0,0
21,150.0,0
21,150.0,0
21,150.0,0
21,170.0,0
21,220.0,0
21,200.0,0
21,150.0,0
21,170.0,0
21,220.0,0
21,220.0,0
21,170.0,0
21,170.0,0
21,20.0,0
21,59.0,0
21,200.0,0
21,0.0,0
21,0.0,0
21,170.0,0
21,170.0,0
21,150.0,0
21,50.0,0
21,0.0,0
21,150.0,0
21,200.0,0
21,170.0,0
21,150.0,0
21,150.0,0
21,220.0,0
21,220.0,0
21,220.0,0
21,150.0,0
21,60.0,0
21,220.0,0
21,220.0,0
21,220.0,0
21,170.0,0
21,150.0,0
21,170.0,0
21,100.0,0
21,150.0,0
21,220.0,0
21,220.0,0
21,220.0,0
21,220.0,0
21,220.0,0
21,0.0,0
21,0.0,0
21,0.0,0
21,0.0,0
21,0.0,0
21,0.0,0
21,0.0,0
21,0.0,0
21,0.0,0
21,0.0,0
21,0.0,0
21,0.0,0
21,0.0,0
21,0.0,0
21,0.0,0
21,0.0,0
21,0.0,0
21,0.0,0
22,83.499985,0
22,150.0,0
22,170.0,0
22,50.0,0
22,220.0,0
22,220.0,0
22,170.0,0
22,150.0,0
22,150.0,0
22,170.0,0
22,220.0,0
22,50.0,0
22,3780.0,1
22,150.0,0
22,150.0,0
22,220.0,0
22,150.0,0
22,170.0,0
22,170.0,0
22,220.0,0
22,170.0,0
22,0.0,0
22,220.0,0
22,220.0,0
22,200.0,0
22,170.0,0
22,110.0,0
22,50.0,0
22,220.0,0
22,150.0,0
22,170.0,0
22,150.0,0
22,150.0,0
22,1807.0,1
22,170.0,0
22,150.0,0
22,220.0,0
22,170.0,0
22,150.0,0
22,220.0,0
22,220.0,0
22,220.0,0
22,3136.0,1
22,150.0,0
22,100.0,0
22,100.0,0
22,170.0,0
22,150.0,0
22,150.0,0
22,170.0,0
22,0.0,0
22,0.0,0
22,0.0,0
22,0.0,0
22,0.0,0
22,0.0,0
22,0.0,0
22,0.0,0
22,0.0,0
22,0.0,0
22,0.0,0
22,0.0,0
22,0.0,0
22,0.0,0
22,0.0,0
22,0.0,0
22,0.0,0
22,0.0,0
22,0.0,0
22,0.0,0
22,0.0,0
22,0.0,0
22,0.0,0
22,0.0,0
22,0.0,0
22,0.0,0
22,0.0,0
22,0.0,0
22,0.0,0
23,2705.5,1
23,1805.0,1
23,61.0,0
23,50.0,0
23,170.0,0
23,220.0,0
23,220.0,0
23,150.0,0
23,163.0,0
23,170.0,0
23,150.0,0
23,170.0,0
23,220.0,0
23,220.0,0
23,220.0,0
23,150.0,0
23,170.0,0
23,170.0,0
23,150.0,0
23,220.0,0
23,150.0,0
23,100.0,0
23,185.0,0
23,220.0,0
23,150.0,0
23,1812.0,1
23,1808.0,1
23,93.0,0
23,170.0,0
23,220.0,0
23,162.0,0
23,162.0,0
23,150.0,0
23,220.0,0
23,150.0,0
23,150.0,0
23,220.0,0
23,170.0,0
23,220.0,0
23,150.0,0
23,1812.0,1
23,3780.0,1
23,4146.0,1
23,220.0,0
23,220.0,0
23,150.0,0
23,170.0,0
23,220.0,0
23,220.0,0
23,200.0,0
23,0.0,0
23,0.0,0
23,0.0,0
23,0.0,0
23,0.0,0
23,0.0,0
23,0.0,0
23,0.0,0
23,0.0,0
23,0.0,0
23,0.0,0
23,0.0,0
23,0.0,0
24,88.499985,0
24,50.0,0
24,4151.0,1
24,90.0,0
24,0.0,0
24,78.0,0
24,2131.0,1
24,163.0,0
24,170.0,0
24,170.0,0
24,220.0,0
24,220.0,0
24,150.0,0
24,150.0,0
24,150.0,0
24,220.0,0
24,220.0,0
24,220.0,0
24,50.0,0
24,150.0,0
24,170.0,0
24,220.0,0
24,220.0,0
24,150.0,0
24,200.0,0
24,1812.0,1
24,3780.0,1
24,1805.0,1
24,3141.0,1
24,3780.0,1
24,1812.0,1
24,1812.0,1
24,2126.0,1
24,2126.0,1
24,2131.0,1
24,3780.0,1
24,1810.0,1
24,1810.0,1
24,3780.0,1
24,3780.0,1
24,3780.0,1
24,220.0,0
24,220.0,0
24,220.0,0
24,150.0,0
24,170.0,0
24,150.0,0
24,50.0,0
24,150.0,0
24,170.0,0
24,0.0,0
24,0.0,0
24,0.0,0
24,0.0,0
24,0.0,0
24,0.0,0
24,0.0,0
25,2110.4998,1
25,3780.0,1
25,4146.0,1
25,3141.0,1
25,2131.0,1
25,4146.0,1
25,50.0,0
25,2126.0,1
25,3141.0,1
25,3780.0,1
25,50.0,0
25,4146.0,1
25,94.0,0
25,1811.0,1
25,3141.0,1
25,1807.0,1
25,3780.0,1
25,1807.0,1
25,3136.0,1
25,3780.0,1
25,1811.0,1
25,1812.0,1
25,1810.0,1
25,97.99999,0
25,2775.0,1
25,3780.0,1
25,98.99999,0
25,94.0,0
25,2775.0,1
25,96.0,0
25,1810.0,1
25,50.0,0
25,1811.0,1
25,95.0,0
25,98.99999,0
25,94.0,0
25,3780.0,1
25,3780.0,1
25,1812.0,1
25,2775.0,1
25,2127.0,1
25,92.0,0
25,3141.0,1
25,92.0,0
25,2131.0,1
25,96.0,0
25,96.0,0
25,65.0,0
25,3141.0,1
25,4151.0,1
25,0.0,0
25,0.0,0
25,0.0,0
25,0.0,0
25,0.0,0
25,0.0,0
25,0.0,0
25,0.0,0
25,0.0,0
26,2533.5,1
26,3780.0,1
26,1811.0,1
26,2324.0,1
26,1811.0,1
26,95.0,0
26,3780.0,1
26,2775.0,1
26,3780.0,1
26,1813.0,1
26,97.0,0
26,1805.0,1
26,0.0,0
26,3136.0,1
26,2126.0,1
26,1814.0,1
26,58.0,0
26,3141.0,1
26,66.0,0
26,4151.0,1
26,3136.0,1
26,99.99999,0
26,3780.0,1
26,3780.0,1
26,1811.0,1
26,1811.0,1
26,2126.0,1
26,3780.0,1
26,3780.0,1
26,3780.0,1
26,200.0,0
26,2131.0,1
26,1812.0,1
26,95.0,0
26,94.0,0
26,3780.0,1
26,3780.0,1
26,1811.0,1
26,78.0,0
26,3136.0,1
26,98.99999,0
26,3780.0,1
26,2326.0,1
26,1806.0,1
26,101.0,0
26,3780.0,1
26,3780.0,1
26,3780.0,1
26,1806.0,1
26,3780.0,1
27,1552.5,1
27,2122.0,1
27,1807.0,1
27,94.0,0
27,50.0,0
27,20.0,0
27,2775.0,1
27,3780.0,1
27,1806.0,1
27,3780.0,1
27,1812.0,1
27,3780.0,1
27,3136.0,1
27,97.99999,0
27,81.99999,0
27,1812.0,1
27,3780.0,1
27,50.0,0
27,3780.0,1
27,2126.0,1
27,4151.0,1
27,3780.0,1
27,94.0,0
27,3780.0,1
27,93.0,0
27,2126.0,1
27,3780.0,1
27,3780.0,1
27,3780.0,1
27,94.0,0
27,95.0,0
27,0.0,0
27,2775.0,1
27,1813.0,1
27,3136.0,1
27,1806.0,1
27,3780.0,1
27,1801.0,1
27,93.0,0
27,2131.0,1
27,1810.0,1
27,92.0,0
27,2126.0,1
27,3141.0,1
27,94.0,0
27,93.0,0
27,1812.0,1
27,50.0,0
27,97.99999,0
27,1809.0,1
27,0.0,0
27,0.0,0
27,0.0,0
27,0.0,0
27,0.0,0
27,0.0,0
27,0.0,0
27,0.0,0
27,0.0,0
27,0.0,0
27,0.0,0
27,0.0,0
27,0.0,0
27,0.0,0
27,0.0,0
27,0.0,0
27,0.0,0
27,0.0,0
28,2216.0,1
28,3336.0,1
28,94.0,0
28,95.0,0
28,1814.0,1
28,96.0,0
28,3141.0,1
28,50.0,0
28,1812.0,1
28,96.0,0
28,1802.0,1
28,1810.0,1
28,1807.0,1
28,93.0,0
28,0.0,0
28,20.0,0
28,1812.0,1
28,3141.0,1
28,203.99998,0
28,94.0,0
28,92.0,0
28,95.0,0
28,59.0,0
28,1811.0,1
28,95.0,0
28,2775.0,1
28,2131.0,1
28,3141.0,1
28,3780.0,1
28,3780.0,1
28,97.0,0
28,50.0,0
28,2775.0,1
28,60.0,0
28,1811.0,1
28,3780.0,1
28,97.0,0
28,3780.0,1
28,1808.0,1
28,1806.0,1
28,1811.0,1
28,94.0,0
28,3141.0,1
28,93.0,0
28,3780.0,1
28,1808.0,1
28,96.0,0
28,2775.0,1
28,1811.0,1
28,91.0,0
29,942.50006,1
29,3780.0,1
29,2324.0,1
29,68.0,0
29,96.0,0
29,2775.0,1
29,60.0,0
29,58.0,0
29,3780.0,1
29,1806.0,1
29,96.0,0
29,1807.0,1
29,2131.0,1
29,2775.0,1
29,4825.0,1
29,96.0,0
29,1700.0,1
29,3780.0,1
29,3780.0,1
29,1811.0,1
29,98.99999,0
29,97.99999,0
29,3780.0,1
29,3780.0,1
29,2126.0,1
29,3780.0,1
29,3780.0,1
29,50.0,0
29,2131.0,1
29,95.0,0
29,1811.0,1
29,1807.0,1
29,3141.0,1
29,2100.0,1
29,1769.0,1
29,3780.0,1
29,96.0,0
29,1813.0,1
29,4151.0,1
29,1812.0,1
29,1808.0,1
29,3136.0,1
29,3780.0,1
29,4151.0,1
29,3141.0,1
29,50.0,0
29,1801.0,1
29,3136.0,1
29,94.0,0
29,97.0,0
29,0.0,0
29,0.0,0
29,0.0,0
29,0.0,0
29,0.0,0
29,0.0,0
29,0.0,0
29,0.0,0
29,0.0,0
30,1476.0,1
30,2131.0,1
30,1811.0,1
30,94.0,0
30,3780.0,1
30,1811.0,1
30,50.0,0
30,150.0,0
30,1811.0,1
30,1811.0,1
30,1801.0,1
30,2131.0,1
30,3141.0,1
30,2131.0,1
30,1811.0,1
30,2775.0,1
30,95.0,0
30,94.0,0
30,96.0,0
30,1806.0,1
30,1796.0,1
30,50.0,0
30,4146.0,1
30,1808.0,1
30,1809.0,1
30,3722.0,1
30,3136.0,1
30,2126.0,1
30,1807.0,1
30,1813.0,1
30,50.0,0
30,3780.0,1
30,97.0,0
30,3136.0,1
30,4346.0,1
30,0.0,0
30,2126.0,1
30,98.99999,0
30,3136.0,1
30,3136.0,1
30,1807.0,1
30,3780.0,1
30,50.0,0
30,1812.0,1
30,1812.0,1
30,3780.0,1
30,1810.0,1
30,95.0,0
30,1810.0,1
30,3780.0,1
30,0.0,0
30,0.0,0
30,0.0,0
30,0.0,0
30,0.0,0
30,0.0,0
30,0.0,0
30,0.0,0
30,0.0,0
30,0.0,0
30,0.0,0
30,0.0,0
30,0.0,0
30,0.0,0
30,0.0,0
30,0.0,0
30,0.0,0
30,0.0,0
30,0.0,0
30,0.0,0
30,0.0,0
30,0.0,0
30,0.0,0
31,2371.0,1
31,94.0,0
31,1812.0,1
31,2126.0,1
31,1812.0,1
31,1805.0,1
31,1811.0,1
31,3728.0,1
31,94.0,0
31,3780.0,1
31,3780.0,1
31,1810.0,1
31,96.0,0
31,76.0,0
31,4146.0,1
31,93.0,0
31,3780.0,1
31,4146.0,1
31,3141.0,1
31,92.0,0
31,50.0,0
31,3780.0,1
31,95.0,0
31,93.0,0
31,1812.0,1
31,95.0,0
31,1810.0,1
31,81.99999,0
31,96.0,0
31,3780.0,1
31,90.0,0
31,4349.0,1
31,1811.0,1
31,1811.0,1
31,2131.0,1
31,91.0,0
31,1812.0,1
31,97.0,0
31,50.0,0
31,3141.0,1
31,2126.0,1
31,3136.0,1
31,1773.0,1
31,3141.0,1
31,3728.0,1
31,3141.0,1
31,50.0,0
31,96.0,0
31,3780.0,1
31,2775.0,1
31,0.0,0
31,0.0,0
31,0.0,0
32,2528.0,1
32,1811.0,1
32,4821.0,1
32,94.0,0
32,3136.0,1
32,3136.0,1
32,97.0,0
32,61.0,0
32,95.0,0
32,4358.0,1
32,1805.0,1
32,97.0,0
32,4146.0,1
32,50.0,0
32,2131.0,1
32,67.0,0
32,3780.0,1
32,1813.0,1
32,50.0,0
32,3780.0,1
32,3728.0,1
32,3780.0,1
32,1812.0,1
32,4151.0,1
32,1810.0,1
32,3141.0,1
32,65.0,0
32,100.99999,0
32,2126.0,1
32,3141.0,1
32,122.0,0
32,1702.0,1
32,2131.0,1
32,98.99999,0
32,4151.0,1
32,3780.0,1
32,3136.0,1
32,3780.0,1
32,171.0,0
32,1807.0,1
32,2131.0,1
32,94.0,0
32,4151.0,1
32,50.0,0
32,96.0,0
32,3780.0,1
32,3780.0,1
32,1806.0,1
32,1807.0,1
32,2126.0,1
33,941.00006,1
33,78.0,0
33,3136.0,1
33,2338.0,1
33,94.0,0
33,3780.0,1
33,1807.0,1
33,1802.0,1
33,3141.0,1
33,50.0,0
33,93.0,0
33,348.0,0
33,1806.0,1
33,3780.0,1
33,95.0,0
33,1811.0,1
33,2314.0,1
33,98.99999,0
33,66.0,0
33,1812.0,1
33,60.0,0
33,3780.0,1
33,3780.0,1
33,99.99999,0
33,94.0,0
33,98.99999,0
33,3780.0,1
33,1806.0,1
33,370.0,0
33,2131.0,1
33,1814.0,1
33,3780.0,1
33,1805.0,1
33,3780.0,1
33,2326.0,1
33,3780.0,1
33,98.99999,0
33,60.0,0
33,3780.0,1
33,65.0,0
33,3780.0,1
33,4146.0,1
33,3141.0,1
33,97.99999,0
33,2712.0,1
33,2131.0,1
33,295.0,0
33,4146.0,1
33,0.0,0
33,1797.0,1
33,0.0,0
33,0.0,0
34,2528.5,1
34,4151.0,1
34,3780.0,1
34,93.0,0
34,0.0,0
34,3141.0,1
34,58.0,0
34,3780.0,1
34,2131.0,1
34,97.99999,0
34,94.0,0
34,1807.0,1
34,100.99999,0
34,97.0,0
34,97.99999,0
34,0.0,0
34,3141.0,1
34,4146.0,1
34,2131.0,1
34,2331.0,1
34,1807.0,1
34,3141.0,1
34,50.0,0
34,50.0,0
34,3780.0,1
34,95.0,0
34,1811.0,1
34,4151.0,1
34,95.0,0
34,3780.0,1
34,3136.0,1
34,97.99999,0
34,97.99999,0
34,96.0,0
34,97.99999,0
34,1810.0,1
34,95.0,0
34,95.0,0
34,2131.0,1
34,3141.0,1
34,95.0,0
34,3141.0,1
34,97.99999,0
34,3780.0,1
34,2126.0,1
34,1807.0,1
34,1813.0,1
34,3728.0,1
34,4731.0,1
34,3780.0,1
35,106.99997,0
35,1806.0,1
35,2131.0,1
35,3780.0,1
35,2126.0,1
35,1797.0,1
35,150.0,0
35,96.0,0
35,3780.0,1
35,3141.0,1
35,94.0,0
35,1701.0,1
35,3780.0,1
35,3780.0,1
35,2126.0,1
35,1808.0,1
35,3780.0,1
35,200.0,0
35,2126.0,1
35,1812.0,1
35,1812.0,1
35,4730.0,1
35,4146.0,1
35,3780.0,1
35,3728.0,1
35,1811.0,1
35,1812.0,1
35,3780.0,1
35,3780.0,1
35,4151.0,1
35,3780.0,1
35,97.0,0
35,1812.0,1
35,58.0,0
35,72.0,0
35,1701.0,1
35,1811.0,1
35,3780.0,1
35,3141.0,1
35,1812.0,1
35,2328.0,1
35,3141.0,1
35,1811.0,1
35,1807.0,1
35,95.0,0
35,1808.0,1
35,3141.0,1
35,3136.0,1
35,2710.0,1
35,3136.0,1
35,0.0,0
35,0.0,0
35,0.0,0
36,2765.5,1
36,3780.0,1
36,99.99999,0
36,2126.0,1
36,3780.0,1
36,94.0,0
36,3780.0,1
36,1773.0,1
36,200.0,0
36,1806.0,1
36,1812.0,1
36,98.99999,0
36,58.0,0
36,2775.0,1
36,95.0,0
36,3780.0,1
36,1806.0,1
36,92.0,0
36,1810.0,1
36,3780.0,1
36,96.0,0
36,2131.0,1
36,1807.0,1
36,96.0,0
36,95.0,0
36,2100.0,1
36,4146.0,1
36,0.0,0
36,3780.0,1
36,97.0,0
36,2331.0,1
36,2312.0,1
36,3780.0,1
36,3141.0,1
36,2131.0,1
36,3748.0,1
36,94.0,0
36,1812.0,1
36,3722.0,1
36,3136.0,1
36,50.0,0
36,1808.0,1
36,3141.0,1
36,3780.0,1
36,3780.0,1
36,150.0,0
36,3141.0,1
36,3780.0,1
36,3780.0,1
36,3141.0,1
36,0.0,0
37,59.0,0
37,78.0,0
37,97.99999,0
37,1807.0,1
37,97.99999,0
37,58.0,0
37,3780.0,1
37,3780.0,1
37,3136.0,1
37,1808.0,1
37,2131.0,1
37,3780.0,1
37,1808.0,1
37,96.0,0
37,3780.0,1
37,2131.0,1
37,1812.0,1
37,93.0,0
37,1811.0,1
37,1807.0,1
37,1806.0,1
37,1812.0,1
37,3780.0,1
37,1811.0,1
37,4140.0,1
37,3728.0,1
37,95.0,0
37,0.0,0
37,2710.0,1
37,2126.0,1
37,98.99999,0
37,97.0,0
37,3721.0,1
37,3780.0,1
37,3728.0,1
37,1812.0,1
37,0.0,0
37,98.99999,0
37,78.99999,0
37,1806.0,1
37,97.0,0
37,78.0,0
37,3136.0,1
37,94.0,0
37,97.0,0
37,2131.0,1
37,1801.0,1
37,3780.0,1
37,1813.0,1
37,3780.0,1
37,0.0,0
37,0.0,0
37,0.0,0
38,898.5,1
38,94.0,0
38,2131.0,1
38,1812.0,1
38,95.0,0
38,96.0,0
38,2131.0,1
38,99.99999,0
38,1801.0,1
38,97.99999,0
38,4344.0,1
38,132.0,0
38,74.0,0
38,1811.0,1
38,1813.0,1
38,20.0,0
38,3780.0,1
38,3780.0,1
38,1809.0,1
38,1806.0,1
38,97.0,0
38,202.0,0
38,70.0,0
38,4151.0,1
38,2126.0,1
38,2120.0,1
38,3780.0,1
38,2131.0,1
38,3141.0,1
38,3132.0,1
38,2326.0,1
38,4151.0,1
38,2131.0,1
38,1812.0,1
38,94.0,0
38,2731.0,1
38,1807.0,1
38,2120.0,1
38,220.0,0
38,3780.0,1
38,68.0,0
38,3780.0,1
38,3748.0,1
38,3141.0,1
38,97.0,0
38,1805.0,1
38,96.0,0
38,2131.0,1
38,2131.0,1
38,50.0,0
38,0.0,0
38,0.0,0
38,0.0,0
38,0.0,0
38,0.0,0
38,0.0,0
38,0.0,0
38,0.0,0
38,0.0,0
38,0.0,0
38,0.0,0
38,0.0,0
38,0.0,0
38,0.0,0
38,0.0,0
38,0.0,0
38,0.0,0
38,0.0,0
38,0.0,0
38,0.0,0
38,0.0,0
38,0.0,0
38,0.0,0
39,2428.5,1
39,3780.0,1
39,1806.0,1
39,4346.0,1
39,93.0,0
39,2326.0,1
39,3780.0,1
39,1802.0,1
39,2731.0,1
39,97.99999,0
39,2126.0,1
39,3130.0,1
39,3130.0,1
39,3136.0,1
39,3780.0,1
39,2131.0,1
39,50.0,0
39,97.0,0
39,1812.0,1
39,4151.0,1
39,2400.0,1
39,94.0,0
39,1814.0,1
39,3141.0,1
39,2131.0,1
39,3780.0,1
39,3141.0,1
39,96.0,0
39,90.0,0
39,1810.0,1
39,3780.0,1
39,1721.0,1
39,100.0,0
39,143.0,0
39,1810.0,1
39,3780.0,1
39,2126.0,1
39,3780.0,1
39,2131.0,1
39,97.0,0
39,94.0,0
39,2731.0,1
39,2120.0,1
39,3728.0,1
39,97.0,0
39,94.0,0
39,91.0,0
39,97.0,0
39,99.99999,0
39,3780.0,1
39,0.0,0
39,0.0,0
39,0.0,0
39,0.0,0
39,0.0,0
39,0.0,0
39,0.0,0
39,0.0,0
39,0.0,0
39,0.0,0
39,0.0,0
39,0.0,0
39,0.0,0
39,0.0,0
39,0.0,0
39,0.0,0
39,0.0,0
39,0.0,0
39,0.0,0
39,0.0,0
39,0.0,0
39,0.0,0
39,0.0,0
39,0.0,0
39,0.0,0
39,0.0,0
39,0.0,0
39,0.0,0
39,0.0,0
40,1153.9998,1
40,0.0,0
40,3780.0,1
40,1801.0,1
40,4151.0,1
40,2326.0,1
40,50.0,0
40,3780.0,1
40,1807.0,1
40,3136.0,1
40,3728.0,1
40,1811.0,1
40,93.0,0
40,96.0,0
40,1721.0,1
40,1721.0,1
40,1723.0,1
40,96.0,0
40,3728.0,1
40,2948.0,1
40,50.0,0
40,1810.0,1
40,1812.0,1
40,94.0,0
40,93.0,0
40,1808.0,1
40,95.0,0
40,1810.0,1
40,1812.0,1
40,3141.0,1
40,97.0,0
40,50.0,0
40,3336.0,1
40,3141.0,1
40,4151.0,1
40,2731.0,1
40,60.0,0
40,96.0,0
40,1807.0,1
40,3780.0,1
40,1811.0,1
40,2126.0,1
40,2131.0,1
40,2131.0,1
40,3136.0,1
40,1805.0,1
40,4146.0,1
40,1812.0,1
40,3728.0,1
40,4146.0,1
40,0.0,0
40,0.0,0
40,0.0,0
40,0.0,0
40,0.0,0
40,0.0,0
40,0.0,0
40,0.0,0
40,0.0,0
40,0.0,0
40,0.0,0
40,0.0,0
40,0.0,0
40,0.0,0
40,0.0,0
40,0.0,0
40,0.0,0
41,942.50006,1
41,92.0,0
41,2127.0,1
41,2131.0,1
41,94.0,0
41,1811.0,1
41,1811.0,1
41,1812.0,1
41,97.99999,0
41,2775.0,1
41,94.0,0
41,96.0,0
41,1811.0,1
41,2126.0,1
41,1701.0,1
41,3322.0,1
41,3728.0,1
41,3780.0,1
41,3780.0,1
41,1811.0,1
41,1810.0,1
41,1808.0,1
41,3953.0,1
41,50.0,0
41,1810.0,1
41,3780.0,1
41,4151.0,1
41,1807.0,1
41,1807.0,1
41,97.0,0
41,220.0,0
41,3780.0,1
41,3136.0,1
41,96.0,0
41,1812.0,1
41,2711.0,1
41,2322.0,1
41,3721.0,1
41,2705.0,1
41,93.0,0
41,4146.0,1
41,97.0,0
41,3780.0,1
41,3141.0,1
41,3136.0,1
41,1807.0,1
41,4146.0,1
41,3780.0,1
41,1801.0,1
41,3739.0,1
41,0.0,0
41,0.0,0
41,0.0,0
41,0.0,0
41,0.0,0
41,0.0,0
41,0.0,0
41,0.0,0
41,0.0,0
41,0.0,0
41,0.0,0
41,0.0,0
41,0.0,0
41,0.0,0
41,0.0,0
41,0.0,0
41,0.0,0
41,0.0,0
41,0.0,0
41,0.0,0
41,0.0,0
41,0.0,0
42,1427.5,1
42,3136.0,1
42,3780.0,1
42,1700.0,1
42,3780.0,1
42,3780.0,1
42,3336.0,1
42,97.0,0
42,95.0,0
42,1812.0,1
42,96.0,0
42,1810.0,1
42,3780.0,1
42,2956.0002,1
42,3780.0,1
42,93.0,0
42,3780.0,1
42,3780.0,1
42,2131.0,1
42,3141.0,1
42,135.99998,0
42,50.0,0
42,3141.0,1
42,3780.0,1
42,97.0,0
42,2775.0,1
42,1812.0,1
42,1811.0,1
42,4745.0,1
42,3728.0,1
42,3728.0,1
42,3728.0,1
42,1801.0,1
42,3780.0,1
42,1808.0,1
42,99.99999,0
42,171.0,0
42,99.99999,0
42,3780.0,1
42,2775.0,1
42,1812.0,1
42,3780.0,1
42,96.0,0
42,3780.0,1
42,3780.0,1
42,1812.0,1
42,200.0,0
42,1806.0,1
42,3780.0,1
42,4353.0,1
42,0.0,0
42,0.0,0
42,0.0,0
42,0.0,0
42,0.0,0
42,0.0,0
42,0.0,0
42,0.0,0
42,0.0,0
42,0.0,0
43,1475.5,1
43,94.0,0
43,3780.0,1
43,98.99999,0
43,1795.0,1
43,4351.0,1
43,3780.0,1
43,4745.0,1
43,3780.0,1
43,3780.0,1
43,98.99999,0
43,1802.0,1
43,3341.0,1
43,85.999985,0
43,1811.0,1
43,3780.0,1
43,93.0,0
43,1812.0,1
43,96.0,0
43,1807.0,1
43,92.0,0
43,3780.0,1
43,2131.0,1
43,1797.0,1
43,0.0,0
43,97.99999,0
43,96.0,0
43,58.0,0
43,96.0,0
43,4732.0,1
43,2711.0,1
43,70.0,0
43,97.0,0
43,98.99999,0
43,20.0,0
43,3136.0,1
43,3953.0,1
43,3780.0,1
43,3780.0,1
43,1806.0,1
43,4745.0,1
43,4146.0,1
43,50.0,0
43,1801.0,1
43,1803.0,1
43,98.99999,0
43,3136.0,1
43,2126.0,1
43,3780.0,1
43,150.0,0
43,0.0,0
43,0.0,0
43,0.0,0
43,0.0,0
43,0.0,0
43,0.0,0
43,0.0,0
43,0.0,0
43,0.0,0
43,0.0,0
43,0.0,0
43,0.0,0
43,0.0,0
44,1018.0,1
44,80.99999,0
44,3273.0,1
44,328.0,0
44,2324.0,1
44,96.0,0
44,3780.0,1
44,3965.0,1
44,94.0,0
44,1803.0,1
44,4346.0,1
44,1813.0,1
44,98.99999,0
44,96.0,0
44,96.0,0
44,3780.0,1
44,1800.0,1
44,3780.0,1
44,3141.0,1
44,99.99999,0
44,3728.0,1
44,2131.0,1
44,97.99999,0
44,300.0,0
44,3136.0,1
44,58.0,0
44,1811.0,1
44,3780.0,1
44,1802.0,1
44,95.0,0
44,3141.0,1
44,1806.0,1
44,1734.0,1
44,4492.0,1
44,3720.0,1
44,1814.0,1
44,3780.0,1
44,2806.0,1
44,92.0,0
44,97.0,0
44,2775.0,1
44,3780.0,1
44,3780.0,1
44,95.0,0
44,2131.0,1
44,3780.0,1
44,135.99998,0
44,83.999985,0
44,1703.0,1
44,3780.0,1
44,0.0,0
44,0.0,0
44,0.0,0
44,0.0,0
44,0.0,0
44,0.0,0
44,0.0,0
44,0.0,0
44,0.0,0
44,0.0,0
44,0.0,0
44,0.0,0
44,0.0,0
44,0.0,0
44,0.0,0
45,923.00006,1
45,97.0,0
45,172.0,0
45,2126.0,1
45,1811.0,1
45,93.0,0
45,3780.0,1
45,4146.0,1
45,3780.0,1
45,92.0,0
45,4146.0,1
45,2775.0,1
45,78.0,0
45,128.0,0
45,2733.0,1
45,65.0,0
45,78.99999,0
45,2371.0,1
45,3780.0,1
45,4747.0,1
45,1812.0,1
45,97.0,0
45,68.0,0
45,50.0,0
45,1812.0,1
45,3780.0,1
45,1734.0,1
45,3780.0,1
45,2806.0,1
45,1811.0,1
45,95.0,0
45,97.99999,0
45,50.0,0
45,93.0,0
45,3141.0,1
45,97.0,0
45,3780.0,1
45,3780.0,1
45,3728.0,1
45,3728.0,1
45,50.0,0
45,2126.0,1
45,3136.0,1
45,3141.0,1
45,170.0,0
45,3343.0,1
45,3332.0,1
45,4151.0,1
45,97.99999,0
45,3780.0,1
45,0.0,0
45,0.0,0
45,0.0,0
45,0.0,0
45,0.0,0
45,0.0,0
45,0.0,0
45,0.0,0
45,0.0,0
45,0.0,0
45,0.0,0
45,0.0,0
45,0.0,0
45,0.0,0
45,0.0,0
45,0.0,0
45,0.0,0
45,0.0,0
45,0.0,0
45,0.0,0
45,0.0,0
45,0.0,0
45,0.0,0
45,0.0,0
45,0.0,0
46,1910.0,1
46,96.0,0
46,3136.0,1
46,1812.0,1
46,3110.0,1
46,4151.0,1
46,1813.0,1
46,94.0,0
46,1801.0,1
46,95.0,0
46,3780.0,1
46,3130.0,1
46,266.0,0
46,2318.0,1
46,93.0,0
46,1700.0,1
46,3141.0,1
46,3780.0,1
46,96.0,0
46,200.0,0
46,2100.0,1
46,4381.0,1
46,1812.0,1
46,97.0,0
46,2131.0,1
46,99.99999,0
46,3780.0,1
46,4151.0,1
46,3780.0,1
46,3141.0,1
46,95.0,0
46,3780.0,1
46,4146.0,1
46,2318.0,1
46,2711.0,1
46,3780.0,1
46,126.0,0
46,1733.0,1
46,96.0,0
46,84.999985,0
46,3780.0,1
46,3780.0,1
46,3780.0,1
46,50.0,0
46,247.0,0
46,94.0,0
46,2126.0,1
46,250.0,0
46,3780.0,1
46,94.0,0
46,0.0,0
46,0.0,0
46,0.0,0
46,0.0,0
46,0.0,0
46,0.0,0
46,0.0,0
46,0.0,0
46,0.0,0
46,0.0,0
46,0.0,0
47,285.50003,0
47,61.0,0
47,99.99999,0
47,97.0,0
47,97.0,0
47,60.0,0
47,3136.0,1
47,97.99999,0
47,1812.0,1
47,2131.0,1
47,3780.0,1
47,270.0,0
47,2125.0,1
47,3780.0,1
47,1806.0,1
47,2131.0,1
47,4151.0,1
47,1807.0,1
47,94.0,0
47,3136.0,1
47,3780.0,1
47,2775.0,1
47,3780.0,1
47,1809.0,1
47,0.0,0
47,2126.0,1
47,93.0,0
47,294.0,0
47,1806.0,1
47,3141.0,1
47,1812.0,1
47,1801.0,1
47,4146.0,1
47,0.0,0
47,3780.0,1
47,50.0,0
47,1811.0,1
47,50.0,0
47,96.0,0
47,3136.0,1
47,0.0,0
47,1807.0,1
47,94.0,0
47,2131.0,1
47,1812.0,1
47,99.99999,0
47,2314.0,1
47,2320.0,1
47,3721.0,1
47,3780.0,1
47,0.0,0
48,3026.5,1
48,2126.0,1
48,3141.0,1
48,1812.0,1
48,1812.0,1
48,1811.0,1
48,3136.0,1
48,95.0,0
48,3136.0,1
48,98.99999,0
48,1806.0,1
48,3780.0,1
48,1807.0,1
48,97.0,0
48,70.0,0
48,3780.0,1
48,3780.0,1
48,97.99999,0
48,3780.0,1
48,95.0,0
48,2711.0,1
48,2711.0,1
48,3780.0,1
48,3136.0,1
48,1807.0,1
48,1813.0,1
48,94.0,0
48,3780.0,1
48,3780.0,1
48,4151.0,1
48,1812.0,1
48,100.0,0
48,3780.0,1
48,3780.0,1
48,3136.0,1
48,3780.0,1
48,200.0,0
48,3141.0,1
48,1812.0,1
48,94.0,0
48,97.0,0
48,1811.0,1
48,50.0,0
48,98.99999,0
48,84.999985,0
48,3780.0,1
48,1812.0,1
48,2125.0,1
48,3780.0,1
48,2131.0,1
48,0.0,0
48,0.0,0
48,0.0,0
48,0.0,0
48,0.0,0
48,0.0,0
48,0.0,0
48,0.0,0
48,0.0,0
48,0.0,0
49,1927.0,1
49,3141.0,1
49,2326.0,1
49,3136.0,1
49,97.0,0
49,1810.0,1
49,1812.0,1
49,95.0,0
49,4146.0,1
49,2126.0,1
49,1807.0,1
49,3780.0,1
49,1812.0,1
49,94.0,0
49,3780.0,1
49,98.99999,0
49,95.0,0
49,3780.0,1
49,3780.0,1
49,3780.0,1
49,2131.0,1
49,1807.0,1
49,3780.0,1
49,3136.0,1
49,1807.0,1
49,1812.0,1
49,3136.0,1
49,97.0,0
49,93.0,0
49,1812.0,1
49,96.0,0
49,2775.0,1
49,3780.0,1
49,96.0,0
49,1810.0,1
49,96.0,0
49,3728.0,1
49,306.0,0
49,92.0,0
49,1807.0,1
49,50.0,0
49,4348.0,1
49,3780.0,1
49,98.99999,0
49,93.0,0
49,2131.0,1
49,94.0,0
49,2775.0,1
49,0.0,0
49,3141.0,1
49,0.0,0
49,0.0,0
49,0.0,0
49,0.0,0
49,0.0,0
49,0.0,0
49,0.0,0
49,0.0,0
49,0.0,0
49,0.0,0
49,0.0,0
49,0.0,0
49,0.0,0
49,0.0,0
49,0.0,0
49,0.0,0
49,0.0,0
49,0.0,0
49,0.0,0
49,0.0,0
49,0.0,0
49,0.0,0
49,0.0,0
49,0.0,0
49,0.0,0
50,2208.5,1
50,98.99999,0
50,2131.0,1
50,94.0,0
50,3141.0,1
50,95.0,0
50,3780.0,1
50,2126.0,1
50,3141.0,1
50,1810.0,1
50,1807.0,1
50,1813.0,1
50,3780.0,1
50,4761.0,1
50,4146.0,1
50,1813.0,1
50,97.99999,0
50,2131.0,1
50,97.99999,0
50,3780.0,1
50,1701.0,1
50,0.0,0
50,1812.0,1
50,2131.0,1
50,96.0,0
50,3780.0,1
50,94.0,0
50,0.0,0
50,96.0,0
50,2126.0,1
50,92.0,0
50,1813.0,1
50,3780.0,1
50,3780.0,1
50,97.0,0
50,1769.0,1
50,3780.0,1
50,1806.0,1
50,1805.0,1
50,74.0,0
50,1811.0,1
50,4151.0,1
50,2126.0,1
50,3780.0,1
50,50.0,0
50,1804.0,1
50,1811.0,1
50,3780.0,1
50,50.0,0
50,1801.0,1
50,0.0,0
51,2809.0,1
51,1811.0,1
51,96.0,0
51,3780.0,1
51,95.0,0
51,1812.0,1
51,1811.0,1
51,1805.0,1
51,2127.0,1
51,50.0,0
51,1812.0,1
51,4151.0,1
51,3780.0,1
51,3780.0,1
51,3780.0,1
51,2126.0,1
51,50.0,0
51,94.0,0
51,3780.0,1
51,1811.0,1
51,4750.0,1
51,94.0,0
51,97.99999,0
51,2131.0,1
51,3780.0,1
51,94.0,0
51,1812.0,1
51,3141.0,1
51,97.99999,0
51,3780.0,1
51,97.0,0
51,3141.0,1
51,3780.0,1
51,3780.0,1
51,3780.0,1
51,3141.0,1
51,1812.0,1
51,4750.0,1
51,1807.0,1
51,97.0,0
51,3780.0,1
51,3780.0,1
51,3780.0,1
51,3136.0,1
51,95.0,0
51,95.0,0
51,92.0,0
51,2131.0,1
51,1811.0,1
51,98.99999,0
51,0.0,0
51,0.0,0
51,0.0,0
51,0.0,0
51,0.0,0
51,0.0,0
51,0.0,0
52,1895.9999,1
52,2226.0,1
52,2126.0,1
52,3780.0,1
52,94.0,0
52,3780.0,1
52,3780.0,1
52,1815.0,1
52,1814.0,1
52,3780.0,1
52,95.0,0
52,1736.0,1
52,4608.0,1
52,1807.0,1
52,3136.0,1
52,97.0,0
52,1807.0,1
52,0.0,0
52,97.99999,0
52,1811.0,1
52,1810.0,1
52,50.0,0
52,2126.0,1
52,3780.0,1
52,90.0,0
52,1733.0,1
52,1808.0,1
52,1807.0,1
52,4151.0,1
52,95.0,0
52,0.0,0
52,93.0,0
52,97.99999,0
52,3780.0,1
52,97.99999,0
52,94.0,0
52,91.0,0
52,1801.0,1
52,93.0,0
52,2131.0,1
52,3141.0,1
52,3141.0,1
52,95.0,0
52,1806.0,1
52,100.0,0
52,1810.0,1
52,3343.0,1
52,93.0,0
52,3780.0,1
52,4151.0,1
52,0.0,0
52,0.0,0
52,0.0,0
52,0.0,0
52,0.0,0
52,0.0,0
52,0.0,0
52,0.0,0
52,0.0,0
52,0.0,0
52,0.0,0
52,0.0,0
52,0.0,0
52,0.0,0
52,0.0,0
52,0.0,0
52,0.0,0
52,0.0,0
53,1325.9998,1
53,4750.0,1
53,366.0,0
53,3136.0,1
53,3136.0,1
53,97.0,0
53,1807.0,1
53,2775.0,1
53,98.0,0
53,3780.0,1
53,97.0,0
53,95.0,0
53,3780.0,1
53,2131.0,1
53,1811.0,1
53,2775.0,1
53,4151.0,1
53,97.0,0
53,95.0,0
53,1813.0,1
53,3780.0,1
53,1811.0,1
53,2230.0,1
53,96.0,0
53,95.0,0
53,94.0,0
53,2744.0,1
53,1807.0,1
53,94.0,0
53,97.0,0
53,4146.0,1
53,1812.0,1
53,94.0,0
53,2120.0,1
53,50.0,0
53,1812.0,1
53,3756.0,1
53,3141.0,1
53,93.0,0
53,96.0,0
53,95.0,0
53,1700.0,1
53,2714.0,1
53,127.99995,0
53,1812.0,1
53,98.99999,0
53,3780.0,1
53,2775.0,1
53,2131.0,1
53,94.0,0
53,0.0,0
53,0.0,0
53,0.0,0
53,0.0,0
53,0.0,0
53,0.0,0
53,0.0,0
53,0.0,0
53,0.0,0
53,0.0,0
53,0.0,0
53,0.0,0
53,0.0,0
53,0.0,0
54,1736.0,1
54,2126.0,1
54,97.99999,0
54,64.0,0
54,3780.0,1
54,1810.0,1
54,2131.0,1
54,4750.0,1
54,1807.0,1
54,2131.0,1
54,90.0,0
54,175.0,0
54,3780.0,1
54,2775.0,1
54,2126.0,1
54,239.99998,0
54,1810.0,1
54,1735.0,1
54,3780.0,1
54,4146.0,1
54,4750.0,1
54,50.0,0
54,3780.0,1
54,65.0,0
54,1810.0,1
54,2131.0,1
54,1800.0,1
54,90.0,0
54,2716.0,1
54,97.99999,0
54,1810.0,1
54,1812.0,1
54,50.0,0
54,1810.0,1
54,96.0,0
54,3430.0,1
54,102.0,0
54,3780.0,1
54,96.0,0
54,93.0,0
54,2743.0,1
54,1805.0,1
54,94.0,0
54,70.0,0
54,3780.0,1
54,3136.0,1
54,3748.0,1
54,1808.0,1
54,3136.0,1
54,0.0,0
54,0.0,0
54,0.0,0
54,0.0,0
54,0.0,0
54,0.0,0
54,0.0,0
54,0.0,0
54,0.0,0
54,0.0,0
54,0.0,0
55,4316.0,1
55,3538.0,1
55,1813.0,1
55,3780.0,1
55,97.0,0
55,3780.0,1
55,3136.0,1
55,94.0,0
55,3141.0,1
55,92.0,0
55,194.0,0
55,3398.0,1
55,96.0,0
55,1811.0,1
55,2127.0,1
55,0.0,0
55,1811.0,1
55,1813.0,1
55,95.0,0
55,1811.0,1
55,96.0,0
55,100.0,0
55,1812.0,1
55,1812.0,1
55,4750.0,1
55,4750.0,1
55,98.0,0
55,192.0,0
55,3780.0,1
55,2120.0,1
55,2131.0,1
55,97.0,0
55,522.0,0
55,1806.0,1
55,94.0,0
55,2740.0,1
55,2775.0,1
55,1807.0,1
55,96.0,0
55,2131.0,1
55,3780.0,1
55,4353.0,1
55,97.99999,0
55,96.0,0
55,100.0,0
55,2126.0,1
55,95.0,0
55,2131.0,1
55,90.0,0
55,2715.0,1
55,0.0,0
55,0.0,0
55,0.0,0
55,0.0,0
55,0.0,0
55,0.0,0
55,0.0,0
55,0.0,0
55,0.0,0
56,2340.0,1
56,4750.0,1
56,1810.0,1
56,94.0,0
56,3136.0,1
56,1806.0,1
56,4151.0,1
56,3780.0,1
56,2743.0,1
56,96.0,0
56,3780.0,1
56,1801.0,1
56,1811.0,1
56,2384.0,1
56,87.00001,0
56,3136.0,1
56,95.0,0
56,94.0,0
56,3780.0,1
56,3780.0,1
56,1806.0,1
56,1809.0,1
56,1811.0,1
56,97.0,0
56,3780.0,1
56,97.0,0
56,1812.0,1
56,98.0,0
56,3753.0,1
56,3780.0,1
56,3754.0,1
56,94.0,0
56,4151.0,1
56,97.99999,0
56,97.0,0
56,4750.0,1
56,2742.0,1
56,2775.0,1
56,3780.0,1
56,92.0,0
56,2228.0,1
56,4750.0,1
56,2280.0,1
56,3780.0,1
56,94.0,0
56,1813.0,1
56,1807.0,1
56,2131.0,1
56,3341.0,1
56,4750.0,1
56,0.0,0
56,0.0,0
56,0.0,0
56,0.0,0
56,0.0,0
56,0.0,0
56,0.0,0
56,0.0,0
56,0.0,0
56,0.0,0
56,0.0,0
56,0.0,0
56,0.0,0
56,0.0,0
56,0.0,0
56,0.0,0
56,0.0,0
57,2412.0,1
57,3753.0,1
57,2524.0,1
57,4750.0,1
57,1806.0,1
57,1801.0,1
57,100.0,0
57,4151.0,1
57,3141.0,1
57,1810.0,1
57,2131.0,1
57,2736.0,1
57,1813.0,1
57,3141.0,1
57,2745.0,1
57,2739.0,1
57,3780.0,1
57,100.0,0
57,94.0,0
57,2126.0,1
57,4750.0,1
57,90.0,0
57,0.0,0
57,4759.0,1
57,4763.0,1
57,4750.0,1
57,1813.0,1
57,3780.0,1
57,1813.0,1
57,3780.0,1
57,4151.0,1
57,1734.0,1
57,98.0,0
57,98.0,0
57,96.0,0
57,3780.0,1
57,96.0,0
57,1807.0,1
57,3780.0,1
57,1810.0,1
57,1807.0,1
57,3136.0,1
57,2775.0,1
57,1811.0,1
57,3780.0,1
57,3536.0,1
57,4750.0,1
57,4404.0,1
57,4404.0,1
57,96.0,0
57,0.0,0
57,0.0,0
57,0.0,0
58,2988.0,1
58,92.0,0
58,100.0,0
58,3392.0,1
58,96.0,0
58,4750.0,1
58,94.0,0
58,4750.0,1
58,4750.0,1
58,4750.0,1
58,3870.0,1
58,4750.0,1
58,3755.0,1
58,2346.0,1
58,96.0,0
58,96.0,0
58,3780.0,1
58,3780.0,1
58,2775.0,1
58,2775.0,1
58,2775.0,1
58,1805.0,1
58,3780.0,1
58,4750.0,1
58,4750.0,1
58,3780.0,1
58,2131.0,1
58,2122.0,1
58,1812.0,1
58,60.0,0
58,2740.0,1
58,150.0,0
58,3750.0,1
58,4600.0,1
58,2230.0,1
58,92.0,0
58,98.0,0
58,98.0,0
58,2580.0,1
58,4750.0,1
58,2744.0,1
58,94.0,0
58,4552.0,1
58,4358.0,1
58,3536.0,1
58,4750.0,1
58,4750.0,1
58,4750.0,1
58,98.0,0
58,1731.0,1
58,0.0,0
58,0.0,0
59,61.5,0
59,4750.0,1
59,100.0,0
59,2578.0,1
59,4750.0,1
59,2743.0,1
59,4750.0,1
59,2228.0,1
59,2745.0,1
59,1733.0,1
59,1731.0,1
59,4760.0,1
59,96.0,0
59,2744.0,1
59,2738.0,1
59,2310.0,1
59,3870.0,1
59,3780.0,1
59,94.0,0
59,97.0,0
59,4146.0,1
59,1731.0,1
59,96.0,0
59,4750.0,1
59,96.0,0
59,2745.0,1
59,4750.0,1
59,1736.0,1
59,2228.0,1
59,98.0,0
59,1735.0,1
59,4402.0,1
59,4750.0,1
59,2228.0,1
59,2522.0,1
59,4750.0,1
59,94.0,0
59,2260.0,1
59,3242.0,1
59,90.0,0
59,1735.0,1
59,90.0,0
59,2230.0,1
59,3751.0,1
59,3754.0,1
59,50.0,0
59,4750.0,1
59,4750.0,1
59,2230.0,1
59,1730.0,1
59,0.0,0
59,0.0,0
59,0.0,0
59,0.0,0
60,1510.0,1
60,2226.0,1
60,2226.0,1
60,2522.0,1
60,96.0,0
60,3752.0,1
60,98.0,0
60,100.0,0
60,2530.0,1
60,2741.0,1
60,100.0,0
60,4151.0,1
60,50.0,0
60,1812.0,1
60,4750.0,1
60,1813.0,1
60,174.0,0
60,100.0,0
60,90.0,0
60,4750.0,1
60,4750.0,1
60,278.0,0
60,4750.0,1
60,100.0,0
60,98.0,0
60,2526.0,1
60,4750.0,1
60,2226.0,1
60,4750.0,1
60,4765.0,1
60,4750.0,1
60,1736.0,1
60,97.99999,0
60,2500.0,1
60,3780.0,1
60,96.0,0
60,2228.0,1
60,258.0,0
60,3754.0,1
60,4602.0,1
60,4750.0,1
60,3538.0,1
60,96.0,0
60,72.0,0
60,2743.0,1
60,4750.0,1
60,2528.0,1
60,50.0,0
60,1805.0,1
60,200.0,0
60,0.0,0
60,0.0,0
60,0.0,0
60,0.0,0
60,0.0,0
60,0.0,0
60,0.0,0
60,0.0,0
60,0.0,0
60,0.0,0
60,0.0,0
60,0.0,0
60,0.0,0
61,1414.0,1
61,94.0,0
61,2378.0,1
61,2388.0,1
61,2228.0,1
61,90.0,0
61,4750.0,1
61,4404.0,1
61,2744.0,1
61,94.0,0
61,3754.0,1
61,4750.0,1
61,4546.0,1
61,98.0,0
61,3236.0,1
61,97.0,0
61,0.0,0
61,4750.0,1
61,4750.0,1
61,96.0,0
61,92.0,0
61,92.0,0
61,3751.0,1
61,94.0,0
61,2743.0,1
61,102.0,0
61,1734.0,1
61,2744.0,1
61,1700.0,1
61,4763.0,1
61,98.0,0
61,3540.0,1
61,1812.0,1
61,97.99999,0
61,4764.0,1
61,96.0,0
61,4764.0,1
61,2745.0,1
61,4767.0,1
61,2580.0,1
61,2730.0,1
61,3750.0,1
61,2388.0,1
61,4750.0,1
61,92.0,0
61,98.0,0
61,96.0,0
61,3754.0,1
61,3532.0,1
61,96.0,0
62,2980.0,1
62,2742.0,1
62,1730.0,1
62,2528.0,1
62,94.0,0
62,2526.0,1
62,2226.0,1
62,2226.0,1
62,2741.0,1
62,4750.0,1
62,98.0,0
62,4550.0,1
62,3753.0,1
62,2572.0,1
62,98.0,0
62,98.0,0
62,4750.0,1
62,94.0,0
62,2574.0,1
62,50.0,0
62,4750.0,1
62,100.0,0
62,4596.0,1
62,4761.0,1
62,96.0,0
62,2228.0,1
62,2530.0,1
62,3751.0,1
62,2430.0,1
62,3534.0,1
62,4750.0,1
62,4762.0,1
62,96.0,0
62,3538.0,1
62,4750.0,1
62,2530.0,1
62,4406.0,1
62,3236.0,1
62,4750.0,1
62,102.0,0
62,4750.0,1
62,3755.0,1
62,4750.0,1
62,2224.0,1
62,2745.0,1
62,4750.0,1
62,172.0,0
62,4750.0,1
62,2228.0,1
62,3756.0,1
62,0.0,0
62,0.0,0
62,0.0,0
62,0.0,0
62,0.0,0
62,0.0,0
62,0.0,0
63,2417.0,1
63,94.0,0
63,101.0,0
63,2572.0,1
63,3753.0,1
63,4404.0,1
63,3240.0,1
63,2280.0,1
63,4763.0,1
63,2528.0,1
63,94.0,0
63,3542.0,1
63,4406.0,1
63,2742.0,1
63,4750.0,1
63,4750.0,1
63,2738.0,1
63,93.0,0
63,90.0,0
63,4750.0,1
63,2744.0,1
63,4542.0,1
63,2226.0,1
63,96.0,0
63,4750.0,1
63,3394.0,1
63,4750.0,1
63,94.0,0
63,94.0,0
63,2226.0,1
63,3756.0,1
63,3755.0,1
63,3751.0,1
63,100.0,0
63,4750.0,1
63,92.0,0
63,2524.0,1
63,92.0,0
63,4750.0,1
63,1730.0,1
63,92.0,0
63,2226.0,1
63,4750.0,1
63,94.0,0
63,4750.0,1
63,3238.0,1
63,4750.0,1
63,4750.0,1
63,4750.0,1
63,4750.0,1
63,0.0,0
64,4496.5,1
64,1732.0,1
64,4750.0,1
64,1732.0,1
64,4750.0,1
64,2742.0,1
64,102.0,0
64,4750.0,1
64,2526.0,1
64,4750.0,1
64,96.0,0
64,3538.0,1
64,59.0,0
64,1733.0,1
64,2224.0,1
64,94.0,0
64,2278.0,1
64,102.0,0
64,4764.0,1
64,3728.0,1
64,4750.0,1
64,2742.0,1
64,2743.0,1
64,100.0,0
64,4750.0,1
64,92.0,0
64,4763.0,1
64,4750.0,1
64,2226.0,1
64,2276.0,1
64,4750.0,1
64,4750.0,1
64,100.0,0
64,4750.0,1
64,4400.0,1
64,4750.0,1
64,2382.0,1
64,2380.0,1
64,4750.0,1
64,1730.0,1
64,3750.0,1
64,4750.0,1
64,3538.0,1
64,3751.0,1
64,102.0,0
64,4750.0,1
64,4762.0,1
64,94.0,0
64,4750.0,1
64,96.0,0
64,0.0,0
64,0.0,0
64,0.0,0
64,0.0,0
64,0.0,0
64,0.0,0
64,0.0,0
64,0.0,0
64,0.0,0
64,0.0,0
64,0.0,0
64,0.0,0
65,2981.5,1
65,3534.0,1
65,3238.0,1
65,92.0,0
65,4750.0,1
65,0.0,0
65,94.0,0
65,92.0,0
65,4762.0,1
65,4410.0,1
65,2386.0,1
65,83.0,0
65,3534.0,1
65,1732.0,1
65,96.0,0
65,98.0,0
65,3532.0,1
65,4750.0,1
65,4750.0,1
65,96.0,0
65,4762.0,1
65,3752.0,1
65,4468.0,1
65,98.0,0
65,98.0,0
65,98.0,0
65,96.0,0
65,180.0,0
65,96.0,0
65,4750.0,1
65,2224.0,1
65,2224.0,1
65,2224.0,1
65,4750.0,1
65,4750.0,1
65,4546.0,1
65,2170.0,1
65,4766.0,1
65,1734.0,1
65,2743.0,1
65,3721.0,1
65,2578.0,1
65,92.0,0
65,96.0,0
65,2228.0,1
65,2276.0,1
65,4764.0,1
65,1735.0,1
65,3544.0,1
65,96.0,0
66,1794.9999,1
66,2222.0,1
66,4750.0,1
66,1733.0,1
66,94.0,0
66,2528.0,1
66,4750.0,1
66,4750.0,1
66,3753.0,1
66,96.0,0
66,2380.0,1
66,3238.0,1
66,96.0,0
66,1737.0,1
66,94.0,0
66,96.0,0
66,3140.0,1
66,3754.0,1
66,2528.0,1
66,1735.0,1
66,4759.0,1
66,3144.0,1
66,4750.0,1
66,2524.0,1
66,2226.0,1
66,2745.0,1
66,116.0,0
66,4765.0,1
66,4750.0,1
66,3752.0,1
66,2348.0,1
66,98.0,0
66,2276.0,1
66,4750.0,1
66,1733.0,1
66,2743.0,1
66,3752.0,1
66,4750.0,1
66,4750.0,1
66,92.0,0
66,3728.0,1
66,2524.0,1
66,4750.0,1
66,4750.0,1
66,96.0,0
66,2230.0,1
66,1740.0,1
66,4750.0,1
66,96.0,0
66,2740.0,1
66,0.0,0
66,0.0,0
66,0.0,0
66,0.0,0
66,0.0,0
67,3403.0,1
67,2789.0,1
67,96.0,0
67,96.0,0
67,4750.0,1
67,4764.0,1
67,96.0,0
67,2530.0,1
67,4406.0,1
67,2789.0,1
67,4750.0,1
67,4750.0,1
67,2528.0,1
67,2745.0,1
67,64.0,0
67,4750.0,1
67,4750.0,1
67,2228.0,1
67,3750.0,1
67,4750.0,1
67,2228.0,1
67,1733.0,1
67,94.0,0
67,2528.0,1
67,2744.0,1
67,94.0,0
67,4750.0,1
67,2742.0,1
67,4763.0,1
67,4750.0,1
67,98.0,0
67,4750.0,1
67,4750.0,1
67,1735.0,1
67,1729.0,1
67,98.0,0
67,90.0,0
67,2280.0,1
67,94.0,0
67,92.0,0
67,4750.0,1
67,4750.0,1
67,94.0,0
67,4765.0,1
67,4750.0,1
67,96.0,0
67,2741.0,1
67,2582.0,1
67,3751.0,1
67,96.0,0
67,0.0,0
67,0.0,0
67,0.0,0
67,0.0,0
67,0.0,0
67,0.0,0
67,0.0,0
67,0.0,0
67,0.0,0
67,0.0,0
67,0.0,0
67,0.0,0
67,0.0,0
67,0.0,0
67,0.0,0
67,0.0,0
67,0.0,0
68,3494.0,1
68,3234.0,1
68,4764.0,1
68,96.0,0
68,4750.0,1
68,2526.0,1
68,3400.0,1
68,4750.0,1
68,2446.0,1
68,4750.0,1
68,2744.0,1
68,2742.0,1
68,2743.0,1
68,1734.0,1
68,3748.0,1
68,3756.0,1
68,72.0,0
68,92.0,0
68,2388.0,1
68,4764.0,1
68,4750.0,1
68,4750.0,1
68,2228.0,1
68,4750.0,1
68,3755.0,1
68,2789.0,1
68,4750.0,1
68,3332.0,1
68,96.0,0
68,98.0,0
68,2382.0,1
68,92.0,0
68,94.0,0
68,0.0,0
68,4750.0,1
68,4750.0,1
68,2314.0,1
68,4190.0,1
68,194.0,0
68,4761.0,1
68,90.0,0
68,98.0,0
68,2388.0,1
68,96.0,0
68,4750.0,1
68,94.0,0
68,2526.0,1
68,4750.0,1
68,4750.0,1
68,2745.0,1
68,0.0,0
68,0.0,0
68,0.0,0
68,0.0,0
68,0.0,0
68,0.0,0
68,0.0,0
68,0.0,0
68,0.0,0
68,0.0,0
68,0.0,0
68,0.0,0
68,0.0,0
68,0.0,0
68,0.0,0
68,0.0,0
68,0.0,0
68,0.0,0
68,0.0,0
68,0.0,0
68,0.0,0
68,0.0,0
68,0.0,0
68,0.0,0
68,0.0,0
68,0.0,0
68,0.0,0
68,0.0,0
68,0.0,0
68,0.0,0
69,2236.0,1
69,4750.0,1
69,1729.0,1
69,4546.0,1
69,92.0,0
69,50.0,0
69,98.0,0
69,2530.0,1
69,4763.0,1
69,2242.0,1
69,2386.0,1
69,98.0,0
69,2226.0,1
69,2580.0,1
69,2743.0,1
69,2322.0,1
69,2226.0,1
69,3753.0,1
69,90.0,0
69,3754.0,1
69,4765.0,1
69,3280.0,1
69,104.00001,0
69,100.0,0
69,242.0,0
69,4750.0,1
69,2382.0,1
69,100.0,0
69,92.0,0
69,100.0,0
69,1732.0,1
69,96.0,0
69,2788.0,1
69,4400.0,1
69,1732.0,1
69,90.0,0
69,2380.0,1
69,3728.0,1
69,94.0,0
69,98.0,0
69,4750.0,1
69,2528.0,1
69,3540.0,1
69,3754.0,1
69,4750.0,1
69,4750.0,1
69,4750.0,1
69,4750.0,1
69,4750.0,1
69,4750.0,1
69,0.0,0
69,0.0,0
69,0.0,0
69,0.0,0
69,0.0,0
69,0.0,0
69,0.0,0
69,0.0,0
69,0.0,0
69,0.0,0
69,0.0,0
69,0.0,0
69,0.0,0
69,0.0,0
69,0.0,0
69,0.0,0
70,1326.0,1
70,2745.0,1
70,92.0,0
70,4750.0,1
70,4750.0,1
70,2222.0,1
70,2742.0,1
70,2228.0,1
70,4750.0,1
70,2744.0,1
70,3396.0,1
70,2384.0,1
70,2741.0,1
70,1733.0,1
70,4750.0,1
70,2384.0,1
70,3728.0,1
70,1735.0,1
70,1728.0,1
70,4750.0,1
70,100.0,0
70,96.0,0
70,4750.0,1
70,4550.0,1
70,61.0,0
70,3538.0,1
70,2742.0,1
70,59.0,0
70,4338.0,1
70,323.99997,0
70,3238.0,1
70,2747.0,1
70,92.0,0
70,4548.0,1
70,4749.0,1
70,1736.0,1
70,2744.0,1
70,4765.0,1
70,96.0,0
70,92.0,0
70,96.0,0
70,4750.0,1
70,3180.0,1
70,340.0,0
70,3536.0,1
70,96.0,0
70,92.0,0
70,3536.0,1
70,3540.0,1
70,4750.0,1
70,0.0,0
70,0.0,0
70,0.0,0
70,0.0,0
70,0.0,0
70,0.0,0
70,0.0,0
70,0.0,0
70,0.0,0
70,0.0,0
70,0.0,0
70,0.0,0
70,0.0,0
70,0.0,0
70,0.0,0
70,0.0,0
70,0.0,0
70,0.0,0
70,0.0,0
70,0.0,0
71,4490.0,1
71,4750.0,1
71,1734.0,1
71,2739.0,1
71,2326.0,1
71,2320.0,1
71,4750.0,1
71,94.0,0
71,100.0,0
71,104.0,0
71,2222.0,1
71,3751.0,1
71,4750.0,1
71,293.99997,0
71,4764.0,1
71,4750.0,1
71,101.0,0
71,2380.0,1
71,3751.0,1
71,2278.0,1
71,96.0,0
71,4750.0,1
71,4750.0,1
71,96.0,0
71,4761.0,1
71,1733.0,1
71,90.0,0
71,2328.0,1
71,3212.0,1
71,4750.0,1
71,3394.0,1
71,104.00001,0
71,2485.0,1
71,100.0,0
71,4750.0,1
71,3750.0,1
71,1733.0,1
71,2741.0,1
71,2328.0,1
71,94.0,0
71,1736.0,1
71,4765.0,1
71,4404.0,1
71,102.0,0
71,4750.0,1
71,100.0,0
71,94.0,0
71,98.0,0
71,2580.0,1
71,4750.0,1
71,0.0,0
71,0.0,0
71,0.0,0
71,0.0,0
71,0.0,0
71,0.0,0
71,0.0,0
71,0.0,0
72,4490.0,1
72,96.0,0
72,4765.0,1
72,4750.0,1
72,96.0,0
72,0.0,0
72,98.0,0
72,4759.0,1
72,2740.0,1
72,92.0,0
72,3753.0,1
72,94.0,0
72,3753.0,1
72,4546.0,1
72,1736.0,1
72,1730.0,1
72,2226.0,1
72,4750.0,1
72,100.0,0
72,2384.0,1
72,1734.0,1
72,4750.0,1
72,116.0,0
72,4750.0,1
72,3749.0,1
72,96.0,0
72,2228.0,1
72,90.0,0
72,94.0,0
72,2224.0,1
72,1733.0,1
72,4750.0,1
72,4750.0,1
72,4750.0,1
72,2230.0,1
72,4750.0,1
72,4750.0,1
72,92.0,0
72,1748.0,1
72,3324.0,1
72,2442.0,1
72,98.0,0
72,2388.0,1
72,2522.0,1
72,102.0,0
72,2534.0,1
72,98.0,0
72,4765.0,1
72,4750.0,1
72,96.0,0
72,0.0,0
72,0.0,0
72,0.0,0
73,2881.0,1
73,4750.0,1
73,4760.0,1
73,3530.0,1
73,2582.0,1
73,100.0,0
73,4750.0,1
73,2576.0,1
73,2526.0,1
73,3750.0,1
73,92.0,0
73,3754.0,1
73,90.0,0
73,92.0,0
73,2744.0,1
73,94.0,0
73,92.0,0
73,2448.0,1
73,4750.0,1
73,104.00001,0
73,2578.0,1
73,96.0,0
73,150.0,0
73,1732.0,1
73,195.0,0
73,92.0,0
73,2522.0,1
73,2236.0,1
73,4750.0,1
73,1732.0,1
73,3252.0,1
73,3755.0,1
73,4766.0,1
73,3749.0,1
73,92.0,0
73,94.0,0
73,4750.0,1
73,94.0,0
73,2280.0,1
73,4750.0,1
73,2526.0,1
73,4750.0,1
73,4750.0,1
73,4750.0,1
73,2742.0,1
73,94.0,0
73,4750.0,1
73,50.0,0
73,1733.0,1
73,4750.0,1
73,0.0,0
73,0.0,0
73,0.0,0
73,0.0,0
73,0.0,0
73,0.0,0
73,0.0,0
73,0.0,0
73,0.0,0
73,0.0,0
73,0.0,0
73,0.0,0
74,90.99999,0
74,4750.0,1
74,4750.0,1
74,92.0,0
74,4750.0,1
74,2386.0,1
74,4750.0,1
74,4750.0,1
74,2738.0,1
74,4750.0,1
74,90.0,0
74,2382.0,1
74,4750.0,1
74,3592.0,1
74,4750.0,1
74,96.0,0
74,4750.0,1
74,4760.0,1
74,4750.0,1
74,96.0,0
74,1729.0,1
74,2390.0,1
74,2382.0,1
74,92.0,0
74,3748.0,1
74,4404.0,1
74,4750.0,1
74,4750.0,1
74,1701.0,1
74,100.0,0
74,2580.0,1
74,2504.0,1
74,4750.0,1
74,2342.0,1
74,4750.0,1
74,1731.0,1
74,2268.0,1
74,1732.0,1
74,96.0,0
74,2386.0,1
74,4750.0,1
74,3532.0,1
74,1735.0,1
74,96.0,0
74,2745.0,1
74,1733.0,1
74,2222.0,1
74,4750.0,1
74,378.0,0
74,1701.0,1
74,0.0,0
74,0.0,0
74,0.0,0
74,0.0,0
74,0.0,0
75,1663.9999,1
75,92.0,0
75,172.0,0
75,92.0,0
75,4763.0,1
75,4750.0,1
75,2576.0,1
75,4750.0,1
75,94.0,0
75,96.0,0
75,1735.0,1
75,92.0,0
75,3752.0,1
75,100.0,0
75,4750.0,1
75,90.0,0
75,3754.0,1
75,102.0,0
75,2740.0,1
75,2739.0,1
75,1728.0,1
75,4760.0,1
75,4750.0,1
75,3740.0,1
75,1734.0,1
75,94.0,0
75,3536.0,1
75,4750.0,1
75,1729.0,1
75,2742.0,1
75,4750.0,1
75,2134.0,1
75,2274.0,1
75,2740.0,1
75,4750.0,1
75,94.0,0
75,2450.0,1
75,2743.0,1
75,94.0,0
75,2743.0,1
75,2172.0,1
75,4750.0,1
75,172.0,0
75,2745.0,1
75,2743.0,1
75,3752.0,1
75,4750.0,1
75,4764.0,1
75,2738.0,1
75,4750.0,1
75,0.0,0
75,0.0,0
75,0.0,0
75,0.0,0
75,0.0,0
75,0.0,0
75,0.0,0
75,0.0,0
75,0.0,0
75,0.0,0
75,0.0,0
75,0.0,0
76,2982.0,1
76,3540.0,1
76,4750.0,1
76,4750.0,1
76,4763.0,1
76,1736.0,1
76,1736.0,1
76,96.0,0
76,3754.0,1
76,4750.0,1
76,2745.0,1
76,0.0,0
76,4750.0,1
76,4750.0,1
76,2382.0,1
76,1733.0,1
76,3755.0,1
76,3354.0,1
76,1733.0,1
76,104.00001,0
76,2741.0,1
76,3240.0,1
76,2278.0,1
76,2384.0,1
76,102.0,0
76,98.0,0
76,94.0,0
76,2790.0,1
76,2276.0,1
76,92.0,0
76,94.0,0
76,4750.0,1
76,96.0,0
76,2680.0,1
76,92.0,0
76,2528.0,1
76,50.0,0
76,2224.0,1
76,3748.0,1
76,4750.0,1
76,50.0,0
76,2740.0,1
76,4750.0,1
76,3282.0,1
76,3752.0,1
76,2444.0,1
76,2576.0,1
76,4764.0,1
76,2454.0,1
76,4750.0,1
76,0.0,0
76,0.0,0
76,0.0,0
76,0.0,0
76,0.0,0
76,0.0,0
76,0.0,0
76,0.0,0
76,0.0,0
76,0.0,0
76,0.0,0
76,0.0,0
76,0.0,0
