Generation,Fitness
0,71.49999
0,50.0
0,0.0
0,0.0
0,0.0
0,0.0
0,0.0
0,200.0
0,50.0
0,0.0
0,0.0
0,0.0
0,0.0
0,62.0
0,0.0
0,0.0
0,0.0
0,0.0
0,0.0
0,0.0
0,20.0
0,0.0
0,0.0
0,20.0
0,0.0
0,73.0
0,50.0
0,0.0
0,0.0
0,0.0
0,0.0
0,0.0
0,0.0
0,0.0
0,50.0
0,0.0
0,0.0
0,0.0
0,0.0
0,0.0
0,0.0
0,0.0
0,0.0
0,0.0
0,0.0
0,70.0
0,0.0
0,0.0
0,50.0
0,0.0
1,64.5
1,92.0
1,0.0
1,63.0
1,80.0
1,190.0
1,70.0
1,68.0
1,78.0
1,64.0
1,2240.0
1,212.0
1,64.0
1,284.0
1,58.0
1,172.0
1,68.0
1,50.0
1,58.0
1,76.0
1,1260.0
1,87.0
1,180.0
1,66.0
1,0.0
1,172.0
1,240.0
1,103.0
1,81.0
1,99.0
1,242.0
1,0.0
1,68.0
1,70.0
1,0.0
1,166.0
1,218.0
1,67.0
1,64.0
1,198.0
1,254.0
1,66.0
1,69.0
1,1276.0
1,186.0
1,224.0
1,50.0
1,0.0
1,218.0
1,54.0
1,0.0
2,164.00002
2,217.99998
2,4258.0
2,178.0
2,272.0
2,244.00002
2,0.0
2,4254.0
2,194.0
2,1228.0
2,2230.0
2,1220.0
2,0.0
2,209.99998
2,2250.0
2,0.0
2,106.0
2,142.0
2,2230.0
2,0.0
2,20.0
2,150.0
2,2250.0
2,138.0
2,244.0
2,1220.0
2,4250.0
2,4250.0
2,4250.0
2,1222.0
2,1220.0
2,0.0
2,4250.0
2,50.0
2,0.0
2,125.99997
2,1226.0
2,178.0
2,1220.0
2,154.0
2,168.0
2,192.0
2,210.0
2,1220.0
2,78.0
2,196.0
2,1222.0
2,1204.0
2,3240.0
2,98.0
2,0.0
3,2253.0
3,2240.0
3,112.0
3,4238.0
3,3240.0
3,1220.0
3,50.0
3,5336.0
3,2232.0
3,54.0
3,3240.0
3,4250.0
3,3242.0
3,0.0
3,3248.0
3,106.00001
3,2230.0
3,1200.0
3,5268.0
3,3254.0
3,20.0
3,1220.0
3,2230.0
3,0.0
3,0.0
3,2238.0
3,0.0
3,1228.0
3,78.0
3,1222.0
3,50.0
3,106.00001
3,3242.0
3,102.0
3,3312.0
3,4250.0
3,2230.0
3,106.00001
3,2230.0
3,20.0
3,50.0
3,20.0
3,2230.0
3,1220.0
3,2282.0
3,3244.0
3,2230.0
3,3240.0
3,2238.0
3,4250.0
3,0.0
4,0.0
4,108.0
4,62.0
4,170.0
4,2216.0
4,1226.0
4,1224.0
4,100.0
4,160.0
4,100.0
4,170.0
4,5260.0
4,2252.0
4,130.0
4,1222.0
4,156.0
4,2242.0
4,1224.0
4,2230.0
4,192.0
4,1222.0
4,1220.0
4,50.0
4,2234.0
4,3252.0
4,6.0
4,3244.0
4,20.0
4,2242.0
4,0.0
4,68.0
4,110.0
4,168.0
4,2230.0
4,150.0
4,150.0
4,100.0
4,0.0
4,0.0
4,1220.0
4,130.0
4,0.0
4,1220.0
4,160.0
4,1224.0
4,1222.0
4,2238.0
4,1220.0
4,2230.0
4,110.0
4,0.0
5,2726.0
5,3244.0
5,3256.0
5,2230.0
5,50.0
5,2230.0
5,100.00001
5,1222.0
5,2230.0
5,2230.0
5,3242.0
5,78.0
5,2232.0
5,4250.0
5,2232.0
5,2230.0
5,5266.0
5,1226.0
5,1220.0
5,1220.0
5,2230.0
5,0.0
5,1208.0
5,1224.0
5,2242.0
5,4250.0
5,1220.0
5,1224.0
5,2230.0
5,3240.0
5,0.0
5,1220.0
5,0.0
5,1220.0
5,16.0
5,62.0
5,1226.0
5,1225.0
5,50.0
5,3240.0
5,1220.0
5,3240.0
5,4250.0
5,3240.0
5,2234.0
5,2230.0
5,20.0
5,2230.0
5,1230.0
5,6280.0
5,0.0
6,1716.0
6,1222.0
6,2220.0
6,3240.0
6,4250.0
6,50.0
6,20.0
6,216.0
6,3246.0
6,4250.0
6,2232.0
6,2230.0
6,2216.0
6,2230.0
6,3240.0
6,1222.0
6,2232.0
6,20.0
6,1230.0
6,5264.0
6,1226.0
6,2230.0
6,2230.0
6,1224.0
6,1220.0
6,2232.0
6,1220.0
6,50.0
6,2234.0
6,2230.0
6,3240.0
6,2214.0
6,1222.0
6,2232.0
6,1220.0
6,1220.0
6,2230.0
6,5268.0
6,1220.0
6,4250.0
6,1220.0
6,3240.0
6,1228.0
6,4250.0
6,0.0
6,50.0
6,2230.0
6,130.0
6,1220.0
6,2230.0
6,0.0
7,2228.0
7,2230.0
7,116.0
7,1220.0
7,1222.0
7,3236.0
7,1228.0
7,1236.0
7,1220.0
7,1208.0
7,4250.0
7,1222.0
7,3248.0
7,2238.0
7,1220.0
7,2232.0
7,2230.0
7,150.0
7,2230.0
7,3240.0
7,3242.0
7,3242.0
7,2234.0
7,3240.0
7,4256.0
7,0.0
7,20.0
7,69.0
7,2232.0
7,2232.0
7,3240.0
7,62.0
7,2232.0
7,2230.0
7,3240.0
7,2230.0
7,50.0
7,20.0
7,2230.0
7,1220.0
7,1222.0
7,20.0
7,3240.0
7,3240.0
7,3242.0
7,50.0
7,4250.0
7,1222.0
7,2230.0
7,1220.0
7,0.0
8,614.0
8,1220.0
8,4254.0
8,1220.0
8,1224.0
8,3240.0
8,3240.0
8,0.0
8,2230.0
8,4250.0
8,1224.0
8,3242.0
8,1220.0
8,5260.0
8,70.0
8,58.0
8,50.0
8,0.0
8,0.0
8,0.0
8,0.0
8,0.0
8,0.0
8,0.0
8,0.0
8,0.0
8,0.0
8,0.0
8,0.0
8,0.0
8,0.0
8,0.0
8,0.0
8,0.0
8,0.0
8,0.0
8,0.0
8,0.0
8,0.0
8,0.0
8,0.0
8,0.0
8,0.0
8,0.0
8,0.0
8,0.0
8,0.0
8,0.0
8,0.0
8,0.0
8,0.0
9,0.0
9,0.0
9,0.0
9,0.0
9,0.0
9,0.0
9,0.0
9,0.0
9,0.0
9,0.0
9,0.0
9,0.0
9,0.0
9,0.0
9,0.0
9,0.0
9,0.0
9,0.0
9,0.0
9,0.0
9,0.0
9,0.0
9,0.0
9,0.0
9,0.0
9,0.0
9,0.0
9,0.0
9,0.0
9,0.0
9,0.0
9,0.0
9,0.0
9,0.0
9,0.0
9,0.0
9,0.0
9,0.0
9,0.0
9,0.0
9,0.0
9,0.0
9,0.0
9,0.0
9,0.0
9,0.0
9,0.0
9,0.0
9,0.0
9,0.0
9,0.0
9,8.0
9,0.0
9,0.0
9,0.0
9,0.0
9,0.0
9,0.0
9,0.0
9,0.0
9,0.0
9,50.0
9,0.0
9,0.0
9,20.0
9,0.0
9,100.0
9,100.0
9,50.0
9,50.0
9,0.0
9,64.0
9,50.0
9,91.0
9,0.0
9,0.0
9,0.0
9,20.0
9,50.0
9,0.0
9,0.0
9,50.0
9,0.0
9,20.0
9,20.0
9,0.0
9,0.0
9,50.0
9,94.0
9,0.0
9,0.0
9,20.0
9,0.0
9,0.0
9,0.0
9,58.0
9,0.0
9,0.0
9,0.0
9,0.0
9,121.999985
10,81.999985
10,90.999985
10,0.0
10,100.0
10,100.0
10,100.0
10,156.00003
10,100.0
10,106.99997
10,99.0
10,50.0
10,77.0
10,86.999985
10,159.0
10,134.0
10,100.0
10,86.999985
10,115.999985
10,82.999985
10,67.0
10,16.0
10,100.0
10,105.0
10,100.0
10,100.0
10,100.0
10,0.0
10,100.0
10,100.0
10,100.0
10,100.0
10,50.0
10,105.0
10,100.0
10,100.0
10,74.0
10,77.0
10,77.0
10,50.0
10,84.999985
10,78.0
10,0.0
10,100.0
10,100.0
10,69.0
10,54.0
10,100.0
10,100.0
10,80.99999
10,100.0
10,0.0
11,25.0
11,16.0
11,81.99999
11,80.0
11,74.0
11,80.99999
11,96.999985
11,79.99999
11,108.0
11,58.0
11,20.0
11,81.99999
11,77.0
11,79.99999
11,97.999985
11,113.999985
11,126.999985
11,0.0
11,78.99999
11,72.0
11,78.99999
11,100.0
11,100.0
11,90.999985
11,16.0
11,77.0
11,79.99999
11,140.0
11,80.99999
11,50.0
11,66.0
11,50.0
11,110.0
11,120.999985
11,50.0
11,50.0
11,0.0
11,59.0
11,87.999985
11,87.999985
11,153.0
11,188.0
11,50.0
11,89.999985
11,81.99999
11,81.99999
11,100.0
11,89.99999
11,0.0
11,108.0
11,0.0
12,106.5
12,100.0
12,0.0
12,108.0
12,51.0
12,142.0
12,100.0
12,100.0
12,100.0
12,100.0
12,100.0
12,224.0
12,159.0
12,208.0
12,151.0
12,56.0
12,100.0
12,100.0
12,190.0
12,54.0
12,134.0
12,0.0
12,198.99998
12,100.0
12,180.0
12,100.0
12,100.0
12,0.0
12,100.0
12,139.0
12,50.0
12,50.0
12,100.0
12,87.0
12,100.0
12,0.0
12,50.0
12,108.0
12,100.0
12,110.0
12,109.0
12,108.0
12,109.0
12,108.0
12,100.0
12,110.0
12,100.0
12,50.0
12,82.0
12,116.0
12,0.0
13,65.0
13,100.0
13,71.0
13,0.0
13,50.0
13,129.0
13,0.0
13,50.0
13,214.0
13,202.0
13,100.0
13,58.0
13,100.0
13,214.0
13,0.0
13,0.0
13,204.0
13,176.0
13,178.0
13,112.0
13,100.0
13,200.0
13,50.0
13,100.0
13,66.0
13,100.0
13,100.0
13,222.0
13,176.0
13,249.99998
13,157.0
13,134.0
13,195.0
13,100.0
13,100.0
13,50.0
13,100.0
13,52.0
13,0.0
13,180.0
13,100.0
13,224.0
13,20.0
13,202.0
13,50.0
13,50.0
13,166.0
13,236.0
13,59.0
13,180.0
13,0.0
14,0.0
14,100.0
14,0.0
14,198.0
14,100.0
14,50.0
14,80.0
14,100.0
14,53.0
14,238.99998
14,59.0
14,224.0
14,84.0
14,100.0
14,50.0
14,192.0
14,200.0
14,184.0
14,100.0
14,50.0
14,230.0
14,120.0
14,202.0
14,50.0
14,58.0
14,100.0
14,188.0
14,74.0
14,100.0
14,215.0
14,68.0
14,100.0
14,0.0
14,152.0
14,200.0
14,100.0
14,188.0
14,188.0
14,100.0
14,188.0
14,200.0
14,0.0
14,51.0
14,212.0
14,222.0
14,114.0
14,0.0
14,0.0
14,50.0
14,100.0
14,0.0
