Generation,Fitness
0,50.0
0,50.0
0,0.0
0,50.0
0,0.0
0,0.0
0,0.0
0,0.0
0,16.0
0,0.0
0,50.0
0,0.0
0,0.0
0,0.0
0,0.0
0,0.0
0,50.0
0,100.0
0,0.0
0,0.0
0,0.0
0,0.0
0,0.0
0,0.0
0,0.0
0,20.0
0,0.0
0,0.0
0,0.0
0,0.0
0,100.0
0,4.0
0,50.0
0,20.0
0,50.0
0,50.0
0,0.0
0,0.0
0,116.0
0,0.0
0,50.0
0,0.0
0,60.0
0,0.0
0,4.0
0,0.0
0,0.0
0,0.0
0,0.0
0,0.0
1,100.0
1,16.0
1,50.0
1,0.0
1,50.0
1,0.0
1,50.0
1,0.0
1,0.0
1,20.0
1,16.0
1,0.0
1,16.0
1,0.0
1,0.0
1,0.0
1,0.0
1,0.0
1,0.0
1,0.0
1,0.0
1,0.0
1,0.0
1,0.0
1,0.0
1,0.0
1,0.0
1,0.0
1,0.0
1,50.0
1,4.0
1,0.0
1,0.0
1,0.0
1,0.0
1,0.0
1,50.0
1,0.0
1,0.0
1,0.0
1,0.0
1,50.0
1,0.0
1,0.0
1,0.0
1,0.0
1,70.0
1,50.0
1,0.0
1,0.0
1,0.0
1,0.0
1,0.0
1,0.0
1,0.0
1,0.0
1,0.0
1,0.0
1,0.0
1,0.0
1,0.0
1,0.0
1,0.0
1,0.0
1,0.0
1,0.0
1,0.0
1,0.0
1,0.0
1,0.0
1,0.0
1,0.0
1,0.0
1,0.0
1,0.0
1,0.0
1,0.0
1,0.0
1,0.0
1,0.0
1,0.0
1,0.0
1,0.0
1,0.0
1,0.0
1,0.0
1,0.0
1,0.0
1,0.0
2,58.0
2,0.0
2,0.0
2,50.0
2,50.0
2,50.0
2,0.0
2,50.0
2,0.0
2,90.0
2,16.0
2,0.0
2,16.0
2,0.0
2,0.0
2,0.0
2,0.0
2,0.0
2,0.0
2,0.0
2,0.0
2,0.0
2,50.0
2,0.0
2,0.0
2,0.0
2,0.0
2,0.0
2,0.0
2,0.0
2,0.0
2,0.0
2,0.0
2,0.0
2,50.0
2,0.0
2,0.0
2,0.0
2,0.0
2,64.0
2,0.0
2,0.0
2,0.0
2,0.0
2,16.0
2,0.0
2,0.0
2,84.0
2,50.0
2,0.0
2,0.0
2,0.0
2,0.0
2,0.0
2,0.0
2,0.0
2,0.0
2,0.0
2,0.0
2,0.0
2,0.0
2,0.0
2,0.0
2,0.0
2,0.0
2,0.0
2,0.0
2,0.0
2,0.0
2,0.0
2,0.0
2,0.0
2,0.0
2,0.0
2,0.0
2,0.0
2,0.0
2,0.0
2,0.0
2,0.0
2,0.0
2,0.0
2,0.0
2,0.0
2,0.0
2,0.0
3,84.999985
3,50.0
3,50.0
3,0.0
3,50.0
3,0.0
3,16.0
3,0.0
3,0.0
3,0.0
3,0.0
3,0.0
3,0.0
3,0.0
3,0.0
3,0.0
3,0.0
3,0.0
3,0.0
3,0.0
3,0.0
3,0.0
3,0.0
3,0.0
3,0.0
3,0.0
3,0.0
3,0.0
3,0.0
3,0.0
3,0.0
3,0.0
3,0.0
3,0.0
3,0.0
3,0.0
3,0.0
3,0.0
3,0.0
3,0.0
3,0.0
3,0.0
3,0.0
3,0.0
3,50.0
3,62.0
3,0.0
3,123.999954
3,0.0
3,0.0
3,0.0
3,0.0
3,0.0
3,0.0
3,0.0
3,0.0
3,0.0
3,0.0
3,0.0
3,0.0
3,0.0
3,0.0
3,0.0
3,0.0
3,0.0
3,0.0
3,0.0
3,0.0
3,0.0
3,0.0
3,0.0
3,0.0
3,0.0
3,0.0
3,0.0
3,0.0
3,0.0
3,0.0
3,0.0
4,10.0
4,50.0
4,50.0
4,0.0
4,0.0
4,0.0
4,0.0
4,0.0
4,0.0
4,0.0
4,0.0
4,0.0
4,0.0
4,0.0
4,50.0
4,0.0
4,0.0
4,0.0
4,0.0
4,0.0
4,0.0
4,0.0
4,0.0
4,0.0
4,0.0
4,0.0
4,0.0
4,0.0
4,0.0
4,0.0
4,0.0
4,0.0
4,0.0
4,0.0
4,0.0
4,0.0
4,0.0
4,0.0
4,0.0
4,0.0
4,0.0
4,61.0
4,0.0
4,0.0
4,0.0
4,0.0
4,0.0
4,0.0
4,0.0
4,0.0
4,0.0
4,0.0
4,0.0
4,0.0
4,0.0
4,0.0
4,0.0
4,0.0
4,0.0
4,0.0
4,0.0
4,0.0
4,0.0
4,0.0
4,0.0
4,0.0
4,0.0
4,0.0
4,0.0
4,0.0
4,0.0
4,0.0
4,0.0
4,0.0
4,0.0
5,0.0
5,16.0
5,4.0
5,0.0
5,20.0
5,0.0
5,0.0
5,0.0
5,0.0
5,0.0
5,0.0
5,0.0
5,0.0
5,0.0
5,0.0
5,0.0
5,0.0
5,0.0
5,0.0
5,0.0
5,0.0
5,0.0
5,0.0
5,67.0
5,0.0
5,0.0
5,0.0
5,0.0
5,0.0
5,0.0
5,0.0
5,0.0
5,0.0
5,0.0
5,0.0
5,20.0
5,20.0
5,0.0
5,0.0
5,0.0
5,16.0
5,0.0
5,0.0
5,0.0
5,0.0
5,0.0
5,0.0
5,0.0
5,0.0
5,0.0
5,0.0
5,0.0
5,0.0
5,0.0
5,0.0
5,0.0
5,0.0
5,0.0
5,0.0
5,0.0
5,0.0
5,0.0
5,0.0
5,0.0
5,0.0
5,0.0
5,0.0
5,0.0
5,0.0
5,0.0
5,0.0
5,0.0
6,0.0
6,20.0
6,20.0
6,0.0
6,20.0
6,12.0
6,0.0
6,20.0
6,0.0
6,0.0
6,0.0
6,0.0
6,0.0
6,0.0
6,0.0
6,0.0
6,0.0
6,0.0
6,0.0
6,0.0
6,0.0
6,0.0
6,0.0
6,0.0
6,0.0
6,0.0
6,0.0
6,0.0
6,16.0
6,0.0
6,0.0
6,0.0
6,0.0
6,0.0
6,0.0
6,20.0
6,0.0
6,0.0
6,0.0
6,0.0
6,0.0
6,50.0
6,50.0
6,0.0
6,0.0
6,0.0
6,0.0
6,62.0
6,0.0
6,0.0
6,0.0
6,0.0
6,0.0
6,0.0
6,0.0
6,0.0
6,0.0
6,0.0
6,0.0
6,0.0
6,0.0
6,0.0
6,0.0
6,0.0
6,0.0
6,0.0
6,0.0
6,0.0
6,0.0
6,0.0
6,0.0
6,0.0
7,10.0
7,20.0
7,0.0
7,20.0
7,0.0
7,76.0
7,0.0
7,0.0
7,0.0
7,0.0
7,0.0
7,0.0
7,0.0
7,0.0
7,0.0
7,0.0
7,0.0
7,0.0
7,0.0
7,0.0
7,0.0
7,0.0
7,20.0
7,4.0
7,0.0
7,0.0
7,0.0
7,0.0
7,0.0
7,0.0
7,0.0
7,0.0
7,0.0
7,0.0
7,0.0
7,0.0
7,0.0
7,0.0
7,0.0
7,0.0
7,0.0
7,0.0
7,0.0
7,0.0
7,58.0
7,0.0
7,0.0
7,16.0
7,0.0
7,4.0
7,0.0
7,0.0
7,0.0
7,0.0
7,0.0
7,0.0
7,0.0
7,0.0
7,0.0
7,0.0
7,0.0
7,0.0
7,0.0
7,0.0
7,0.0
7,0.0
7,0.0
7,0.0
8,67.0
8,16.0
8,20.0
8,20.0
8,16.0
8,16.0
8,0.0
8,16.0
8,0.0
8,0.0
8,0.0
8,0.0
8,0.0
8,0.0
8,0.0
8,0.0
8,0.0
8,0.0
8,0.0
8,0.0
8,0.0
8,0.0
8,0.0
8,0.0
8,0.0
8,0.0
8,0.0
8,0.0
8,0.0
8,0.0
8,0.0
8,0.0
8,0.0
8,0.0
8,0.0
8,0.0
8,0.0
8,0.0
8,0.0
8,0.0
8,0.0
8,16.0
8,0.0
8,0.0
8,0.0
8,0.0
8,0.0
8,50.0
8,0.0
8,0.0
8,0.0
8,0.0
8,0.0
8,0.0
8,0.0
8,0.0
8,0.0
8,0.0
8,0.0
8,0.0
8,0.0
8,0.0
8,0.0
8,0.0
8,0.0
8,0.0
8,0.0
9,50.0
9,20.0
9,16.0
9,16.0
9,0.0
9,4.0
9,0.0
9,0.0
9,0.0
9,0.0
9,0.0
9,0.0
9,0.0
9,0.0
9,58.0
9,0.0
9,0.0
9,0.0
9,16.0
9,0.0
9,0.0
9,0.0
9,0.0
9,0.0
9,0.0
9,0.0
9,0.0
9,0.0
9,0.0
9,0.0
9,0.0
9,0.0
9,0.0
9,0.0
9,69.0
9,0.0
9,0.0
9,0.0
9,50.0
9,0.0
9,0.0
9,0.0
9,0.0
9,0.0
9,0.0
9,50.0
9,0.0
9,0.0
9,0.0
9,0.0
9,0.0
9,0.0
9,0.0
9,0.0
9,0.0
9,0.0
9,0.0
9,0.0
9,0.0
9,0.0
9,0.0
9,0.0
9,0.0
