Generation,Fitness
0,10.0
0,50.0
0,0.0
0,0.0
0,0.0
0,16.0
0,50.0
0,0.0
0,0.0
0,0.0
0,20.0
0,20.0
0,75.0
0,16.0
0,0.0
0,0.0
0,0.0
0,0.0
0,0.0
0,50.0
0,0.0
0,61.0
0,0.0
0,0.0
0,0.0
0,50.0
0,20.0
0,70.0
0,0.0
0,0.0
0,0.0
0,0.0
0,50.0
0,0.0
0,0.0
0,0.0
0,70.0
0,0.0
0,20.0
0,0.0
0,0.0
0,20.0
0,0.0
0,0.0
0,20.0
0,20.0
0,0.0
0,0.0
0,0.0
0,0.0
1,52.0
1,0.0
1,75.0
1,50.0
1,1263.0
1,79.0
1,70.0
1,50.0
1,16.0
1,70.0
1,70.0
1,50.0
1,70.0
1,50.0
1,75.0
1,50.0
1,75.0
1,50.0
1,70.0
1,70.0
1,70.0
1,70.0
1,0.0
1,4.0
1,0.0
1,70.0
1,70.0
1,85.0
1,75.0
1,104.0
1,50.0
1,150.0
1,50.0
1,70.0
1,70.0
1,70.0
1,116.0
1,81.0
1,75.0
1,0.0
1,70.0
1,70.0
1,78.0
1,70.0
1,75.0
1,74.0
1,70.0
1,85.0
1,74.0
1,70.0
1,0.0
2,702.5
2,117.0
2,0.0
2,113.0
2,50.0
2,179.0
2,233.0
2,1209.0
2,150.0
2,0.0
2,1211.0
2,1398.0
2,100.0
2,150.0
2,1206.0
2,150.0
2,100.0
2,1207.0
2,150.0
2,1203.0
2,117.0
2,100.0
2,100.0
2,74.0
2,100.0
2,117.0
2,1265.0
2,0.0
2,70.0
2,100.0
2,117.0
2,111.999985
2,1275.0
2,1211.0
2,1261.0
2,117.0
2,1203.0
2,100.0
2,0.0
2,100.0
2,67.0
2,267.0
2,218.00002
2,60.0
2,50.0
2,155.0
2,0.0
2,50.0
2,117.0
2,1203.0
2,0.0
3,190.0
3,1279.0
3,224.0
3,244.0
3,1226.0
3,181.0
3,1208.0
3,1208.0
3,1213.0
3,50.0
3,1213.0
3,0.0
3,1204.0
3,182.0
3,202.0
3,1269.0
3,1257.0
3,50.0
3,1257.0
3,215.0
3,1209.0
3,5220.0
3,0.0
3,0.0
3,50.0
3,1208.0
3,1263.0
3,192.0
3,1276.0
3,200.0
3,1200.0
3,50.0
3,0.0
3,1274.0
3,215.0
3,173.0
3,1261.0
3,1277.0
3,0.0
3,1301.0
3,1207.0
3,0.0
3,160.0
3,157.0
3,1207.0
3,1259.0
3,1209.0
3,50.0
3,204.00002
3,1229.0
3,0.0
4,58.0
4,50.0
4,0.0
4,0.0
4,1299.0
4,0.0
4,175.0
4,1222.0
4,0.0
4,1203.0
4,1226.0
4,1200.0
4,1277.0
4,1216.0
4,1208.0
4,1225.0
4,1222.0
4,1202.0
4,1230.0
4,1216.0
4,1228.0
4,1260.0
4,255.0
4,243.0
4,243.0
4,0.0
4,0.0
4,50.0
4,110.0
4,0.0
4,214.0
4,182.0
4,0.0
4,100.0
4,172.0
4,106.0
4,458.00003
4,172.0
4,140.0
4,116.0
4,0.0
4,0.0
4,314.0
4,50.0
4,254.00002
4,310.0
4,0.0
4,0.0
4,0.0
4,135.0
4,0.0
5,102.5
5,63.0
5,140.0
5,50.0
5,120.0
5,115.0
5,285.0
5,160.0
5,106.0
5,130.0
5,120.0
5,0.0
5,0.0
5,95.0
5,352.0
5,182.0
5,56.0
5,0.0
5,0.0
5,0.0
5,140.0
5,0.0
5,60.0
5,115.0
5,105.0
5,169.0
5,105.0
5,50.0
5,174.0
5,0.0
5,105.0
5,0.0
5,160.0
5,80.0
5,170.0
5,0.0
5,120.0
5,0.0
5,154.0
5,85.0
5,118.0
5,145.0
5,172.0
5,120.0
5,50.0
5,0.0
5,172.0
5,162.0
5,120.0
5,50.0
5,0.0
6,172.0
6,310.0
6,0.0
6,220.0
6,202.0
6,50.0
6,0.0
6,220.0
6,240.00006
6,123.0
6,115.0
6,212.0
6,0.0
6,220.0
6,369.00006
6,500.0
6,122.99997
6,160.0
6,0.0
6,402.00006
6,0.0
6,286.00003
6,310.0
6,170.0
6,150.0
6,116.0
6,0.0
6,150.0
6,195.0
6,240.0
6,207.0
6,470.0
6,162.0
6,232.0
6,380.0
6,180.0
6,177.0
6,0.0
6,220.0
6,0.0
6,364.0
6,280.0
6,467.99997
6,334.0
6,222.0
6,128.99997
6,55.0
6,398.0
6,394.0
6,200.0
6,0.0
7,373.4999
7,370.0
7,0.0
7,460.0
7,426.00006
7,580.0
7,155.0
7,0.0
7,354.0
7,388.00003
7,50.0
7,433.00003
7,252.0
7,604.00006
7,171.0
7,406.0
7,266.00003
7,3651.0
7,1620.0
7,0.0
7,290.0
7,195.0
7,380.0
7,0.0
7,345.0
7,97.99998
7,320.00003
7,244.00002
7,334.0
7,549.00006
7,440.0
7,282.0
7,360.0
7,408.0
7,0.0
7,329.99997
7,50.0
7,340.0
7,380.0
7,160.0
7,482.00003
7,430.0
7,340.0
7,185.0
7,420.0
7,410.0
7,0.0
7,0.0
7,0.0
7,340.0
7,0.0
8,382.00006
8,335.00003
8,430.0
8,440.0
8,510.0
8,442.00006
8,247.0
8,0.0
8,346.00003
8,283.99997
8,523.0
8,350.00003
8,83.0
8,254.00002
8,352.00006
8,510.00003
8,340.0
8,157.0
8,124.99997
8,310.0
8,335.00003
8,476.00003
8,0.0
8,50.0
8,436.00006
8,0.0
8,422.0
8,50.0
8,433.00003
8,360.0
8,390.00006
8,165.0
8,50.0
8,50.0
8,530.0
8,322.00006
8,0.0
8,430.0
8,434.0
8,550.0
8,336.0
8,142.99998
8,100.99999
8,280.0
8,420.0
8,310.0
8,400.0
8,302.0
8,50.0
8,0.0
8,0.0
9,0.0
9,50.0
9,332.0
9,420.0
9,260.0
9,578.00006
9,232.0
9,661.0001
9,388.0
9,50.0
9,0.0
9,50.0
9,389.0
9,350.0
9,422.00006
9,342.0
9,50.0
9,456.00006
9,360.0
9,160.0
9,160.0
9,404.00006
9,165.0
9,0.0
9,186.99998
9,231.99998
9,334.0
9,514.00006
9,393.00006
9,50.0
9,50.0
9,50.0
9,320.0
9,200.0
9,278.00003
9,169.0
9,345.0
9,460.0
9,400.0
9,59.0
9,50.0
9,422.0
9,388.00006
9,478.00003
9,484.00006
9,348.0
9,214.99998
9,50.0
9,450.0
9,605.00006
9,0.0
10,404.0
10,400.00003
10,0.0
10,451.00003
10,454.0
10,456.0
10,0.0
10,50.0
10,269.0
10,50.0
10,452.0
10,0.0
10,547.0001
10,424.0
10,560.00006
10,50.0
10,269.0
10,362.0
10,440.0
10,312.0
10,334.0
10,384.00006
10,432.0
10,310.00003
10,446.0
10,480.0
10,310.0
10,281.00003
10,310.00003
10,50.0
10,386.00006
10,385.00003
10,50.0
10,335.0
10,0.0
10,352.0
10,2645.0
10,420.0
10,290.0
10,390.0
10,547.00006
10,458.00006
10,50.0
10,390.0
10,260.0
10,0.0
10,514.00006
10,430.0
10,460.0
10,190.0
10,0.0
11,0.0
11,378.00003
11,456.00006
11,464.00006
11,190.0
11,426.0
11,488.99994
11,420.00003
11,360.0
11,50.0
11,50.0
11,315.0
11,314.0
11,50.0
11,5730.0
11,384.0
11,446.00003
11,1079.0
11,3620.0
11,1604.0
11,1608.0
11,2772.0
11,0.0
11,300.0
11,490.0
11,350.0
11,50.0
11,252.0
11,358.0
11,0.0
11,445.0
11,548.0
11,320.0
11,378.00012
11,412.0
11,500.0
11,348.0
11,282.0
11,50.0
11,50.0
11,430.0
11,332.0
11,450.0
11,0.0
11,530.0
11,0.0
11,211.0
11,430.0
11,390.0
11,372.0001
11,0.0
12,398.00003
12,460.0
12,200.0
12,310.0
12,240.0
12,209.99998
12,510.0
12,426.00006
12,370.00003
12,1600.0
12,2614.0
12,2612.0
12,336.0
12,472.99994
12,302.0
12,0.0
12,275.0
12,428.0
12,50.0
12,466.00003
12,360.0
12,530.0
12,200.0
12,268.0
12,50.0
12,624.0001
12,510.0
12,349.0
12,396.0
12,195.0
12,50.0
12,280.0
12,223.99997
12,290.0
12,3654.0
12,160.0
12,50.0
12,165.99997
12,374.0
12,460.0
12,343.99997
12,300.0
12,342.0
12,16.0
12,464.00006
12,0.0
12,472.00003
12,274.0
12,410.0
12,370.0
12,0.0
13,0.0
13,358.00003
13,50.0
13,120.99998
13,572.00006
13,0.0
13,434.0
13,150.0
13,100.0
13,70.0
13,94.0
13,78.0
13,79.99999
13,72.0
13,68.0
13,50.0
13,100.0
13,71.0
13,75.0
13,70.0
13,61.0
13,54.0
13,0.0
13,0.0
13,57.0
13,59.0
13,52.0
13,3228.0
13,4238.0
13,1218.0
13,0.0
13,3215.0
13,4240.0
13,4233.0
13,2220.0
13,3214.0
13,1202.0
13,50.0
13,1215.0
13,1215.0
13,2215.0
13,3225.0
13,1209.0
13,1223.0
13,0.0
13,3233.0
13,2209.0
13,1203.0
13,50.0
13,4253.0
13,0.0
