Generation,Fitness
0,0.0
0,0.0
0,46.499985
0,0.0
0,20.0
0,10.0
0,3187.5
0,20.0
0,0.0
0,113.99996
0,0.0
0,42.0
0,0.0
0,0.0
0,50.0
0,50.0
0,6.6666665
0,20.0
0,3643.5
0,5.0
0,29.000025
0,77.000114
0,0.0
0,0.0
0,20.0
0,173.40005
0,0.0
0,39.000004
0,0.0
0,0.0
0,0.0
0,0.0
0,62.0
0,50.0
0,0.0
0,0.0
0,0.0
0,292.99994
0,238.0
0,20.0
0,20.0
0,47.999992
0,18.999992
0,210.0
0,220.0
0,0.0
0,59.999985
0,13.666667
0,0.0
0,7.0000005
1,2039.1666
1,1161.5
1,0.0
1,381.0
1,1263.5
1,53.000057
1,0.0
1,832.0
1,0.0
1,764.5
1,2266.0
1,3270.0
1,115.0
1,27.999994
1,2179.25
1,0.0
1,2747.0
1,1197.5
1,1276.0
1,2196.5
1,1477.6665
1,91.500015
1,165.0
1,0.0
1,3209.0
1,1740.5
1,101.999985
1,1730.0
1,851.3333
1,3181.0
1,132.5
1,1236.0
1,3200.0
1,2170.0
1,1474.3334
1,1147.3333
1,2693.5
1,2135.5
1,1172.0
1,0.0
1,1471.0
1,2570.6667
1,20.0
1,1210.0
1,2748.5
1,155.00002
1,145.0
1,2213.5
1,1522.0
1,164.00002
1,0.0
2,2221.3333
2,1252.9999
2,4703.5
2,1482.3334
2,569.5
2,82.5
2,0.0
2,4151.0
2,144.0
2,36.999985
2,560.0
2,1259.3333
2,67.50008
2,1634.5
2,3857.0
2,2190.0
2,3272.0
2,2197.0
2,248.00003
2,2210.0
2,7.0000005
2,3203.5
2,9.0
2,26.999996
2,1697.5
2,1185.0
2,155.0
2,2199.4
2,1186.0
2,670.5
2,105.5
2,7.000001
2,80.0
2,1502.6666
2,1199.2499
2,1194.0
2,3274.5
2,208.0
2,126.666664
2,0.0
2,680.0002
2,1672.0
2,1208.5
2,141.00002
2,684.5
2,856.0
2,17.000004
2,7.0000005
2,2116.0
2,16.999994
2,0.0
3,1075.0
3,2679.5
3,5181.0
3,54.99999
3,2210.5
3,69.00001
3,169.99995
3,1673.5
3,5239.0
3,880.6667
3,103.0
3,1204.0
3,162.0
3,3733.5
3,421.66666
3,161.50002
3,9.000001
3,3130.0
3,1209.0
3,1461.6666
3,1211.0
3,60.0
3,1696.0
3,142.00006
3,3226.0
3,1206.0
3,4227.0
3,1702.5
3,12.999998
3,1210.0
3,2164.5
3,719.3333
3,2201.0
3,8.999999
3,1215.0
3,50.0
3,2221.0
3,410.33334
3,3726.0
3,1547.3331
3,2706.0
3,1121.3334
3,208.0
3,4229.5
3,1505.6666
3,1703.1427
3,194.50005
3,1515.0
3,1161.0
3,849.0
3,2221.0
4,1507.0
4,806.33325
4,1723.0
4,0.0
4,165.5
4,1913.3331
4,208.0
4,3221.0
4,2174.0
4,2214.0
4,4258.0
4,3130.0
4,0.0
4,681.5
4,3222.0
4,569.0
4,1221.5
4,248.00003
4,1196.0
4,1182.5
4,0.0
4,3119.0
4,1701.0
4,8.000001
4,1896.6665
4,3171.5
4,2221.2
4,2862.3333
4,2173.0
4,47.5
4,5145.0
4,3306.0
4,782.3333
4,1214.0
4,1546.0
4,1213.0
4,1245.0
4,3283.0
4,101.0
4,1887.0
4,58.999996
4,67.000015
4,2693.5
4,3202.5
4,285.49997
4,657.0
4,858.66656
4,1149.0
4,207.0
4,1173.0
4,97.5
5,1898.6666
5,1128.0
5,1123.6
5,1228.0
5,1110.0
5,1189.5
5,117.5
5,1122.0
5,3906.3333
5,11.999999
5,605.5
5,1120.0
5,758.3333
5,1763.3334
5,1123.0
5,3195.0
5,0.0
5,560.0
5,214.0
5,1131.3334
5,643.0
5,165.00008
5,8.000001
5,4683.5
5,3221.0
5,1603.0
5,1456.0
5,182.0
5,1201.0
5,5145.0
5,1119.0
5,1919.5
5,2496.6667
5,2188.6667
5,144.50005
5,1176.6666
5,20.000002
5,585.5
5,3201.0
5,3211.0
5,1812.3334
5,1847.3334
5,3165.0
5,50.0
5,1214.0
5,1206.0
5,0.0
5,244.00015
5,13.999997
5,1117.0
5,0.0
6,743.2499
6,114.0
6,712.74994
6,811.0
6,0.0
6,1165.5
6,2178.5
6,100.0
6,162.99998
6,1641.0
6,129.0
6,435.99994
6,2130.5
6,4116.0
6,1146.5
6,661.5
6,195.0
6,3716.5
6,1154.0
6,119.50001
6,0.0
6,143.00002
6,1164.5
6,699.0
6,1606.5
6,772.0
6,3662.5
6,144.0
6,100.0
6,2167.5
6,1181.6666
6,2257.0
6,0.0
6,1169.0
6,2108.0
6,1877.3334
6,3747.0
6,1192.0
6,100.0
6,1124.0
6,1220.0
6,1150.0
6,1191.3333
6,75.0
6,3210.0
6,1154.0
6,639.5
6,2147.75
6,2113.0
6,2205.0
6,181.0
7,1100.5
7,2106.0
7,0.0
7,1102.6666
7,3117.0
7,1260.0
7,96.999985
7,1103.0
7,2859.5
7,607.5
7,81.0
7,112.0
7,1393.0
7,1604.5
7,108.0
7,55.0
7,80.999985
7,1102.0
7,2106.5
7,3114.3333
7,600.0
7,1435.0
7,2116.0
7,582.5
7,2113.0
7,1654.5
7,3784.6667
7,595.5
7,3115.0
7,1102.6666
7,1097.6666
7,54.0
7,860.33325
7,2108.0
7,64.99999
7,1110.0
7,2610.5
7,2779.3333
7,1161.0
7,1153.5
7,2112.5
7,1104.5
7,1605.0
7,104.0
7,590.0
7,2133.25
7,86.999985
7,92.0
7,2610.0
7,609.5
7,1101.0
8,2118.6667
8,2813.3333
8,2105.0
8,2106.0
8,2109.3333
8,1104.0
8,1100.0
8,3141.0
8,1100.0
8,92.0
8,2105.5
8,427.33334
8,3117.0
8,2111.0
8,772.3333
8,100.500015
8,121.999985
8,1069.0
8,848.25
8,2105.0
8,2106.0
8,1101.0
8,869.75
8,1594.5
8,2447.0
8,886.0
8,91.0
8,1103.0
8,1120.0
8,135.0
8,118.0
8,1604.0
8,1101.0
8,2113.0
8,1604.5
8,94.50003
8,2106.0
8,597.5
8,1612.25
8,1108.0
8,2169.5
8,2120.0
8,2105.3333
8,2214.0
8,2106.0
8,1083.5
8,97.99999
8,1603.5
8,1610.5
8,3615.0
8,0.0
