Generation,Fitness
0,61.0
0,0.0
0,20.0
0,0.0
0,50.0
0,50.0
0,0.0
0,0.0
0,0.0
0,0.0
0,0.0
0,0.0
0,0.0
0,0.0
0,0.0
0,0.0
0,0.0
0,0.0
0,0.0
0,0.0
0,0.0
0,0.0
0,0.0
0,0.0
0,0.0
0,0.0
0,0.0
0,0.0
0,0.0
0,0.0
0,0.0
0,0.0
0,0.0
0,0.0
0,0.0
0,0.0
0,0.0
0,0.0
0,0.0
0,0.0
0,0.0
0,0.0
0,0.0
0,0.0
0,0.0
0,0.0
0,0.0
0,0.0
0,0.0
0,0.0
1,0.0
1,0.0
1,0.0
1,0.0
1,0.0
1,0.0
1,0.0
1,0.0
1,0.0
1,0.0
1,0.0
1,0.0
1,0.0
1,0.0
1,0.0
1,0.0
1,0.0
1,0.0
1,0.0
1,0.0
1,0.0
1,0.0
1,0.0
1,0.0
1,0.0
1,0.0
1,0.0
1,0.0
1,0.0
1,0.0
1,0.0
1,0.0
1,0.0
1,0.0
1,0.0
1,0.0
1,0.0
1,0.0
1,0.0
1,0.0
1,0.0
1,0.0
1,0.0
1,0.0
1,0.0
1,0.0
1,0.0
1,0.0
1,0.0
1,0.0
1,0.0
1,0.0
1,0.0
1,0.0
1,0.0
1,0.0
1,0.0
1,0.0
1,0.0
1,0.0
1,0.0
1,0.0
1,0.0
1,0.0
1,0.0
1,0.0
1,0.0
1,0.0
1,0.0
1,0.0
1,0.0
1,0.0
1,0.0
1,0.0
1,0.0
1,0.0
1,0.0
1,0.0
1,0.0
1,0.0
1,0.0
1,0.0
1,0.0
1,0.0
1,0.0
1,0.0
1,0.0
1,0.0
1,0.0
1,0.0
1,0.0
1,0.0
1,0.0
1,0.0
1,0.0
1,0.0
1,0.0
1,0.0
1,0.0
1,0.0
1,0.0
1,0.0
1,0.0
1,0.0
1,0.0
1,85.999985
1,0.0
1,50.0
1,150.0
1,0.0
1,0.0
1,4.0
1,50.0
1,0.0
1,0.0
1,100.0
1,0.0
1,0.0
1,0.0
1,0.0
1,0.0
1,0.0
1,0.0
1,0.0
1,0.0
1,50.0
1,0.0
1,0.0
1,20.0
1,0.0
1,60.0
1,0.0
1,122.999954
1,60.0
1,50.0
1,50.0
1,81.99999
1,0.0
1,61.0
1,50.0
1,0.0
1,0.0
1,0.0
1,0.0
1,50.0
1,0.0
1,0.0
1,50.0
1,0.0
1,50.0
1,0.0
2,125.0
2,100.0
2,150.0
2,125.999954
2,64.0
2,50.0
2,100.0
2,150.0
2,0.0
2,150.0
2,150.0
2,125.999954
2,150.0
2,100.0
2,125.999954
2,125.999954
2,127.99995
2,126.999954
2,150.0
2,50.0
2,0.0
2,63.0
2,50.0
2,100.0
2,150.0
2,100.0
2,58.0
2,123.999954
2,0.0
2,150.0
2,150.0
2,100.0
2,50.0
2,89.0
2,126.999954
2,150.0
2,127.99995
2,124.999954
2,20.0
2,186.99998
2,100.0
2,121.999954
2,100.0
2,50.0
2,124.999954
2,158.0
2,162.0
2,124.999954
2,100.0
2,16.0
2,0.0
3,133.0
3,150.0
3,189.99998
3,50.0
3,150.0
3,100.0
3,100.0
3,162.0
3,166.0
3,81.99999
3,100.0
3,64.0
3,158.0
3,100.0
3,100.0
3,150.0
3,100.0
3,100.0
3,100.0
3,100.0
3,154.0
3,150.0
3,100.0
3,150.0
3,0.0
3,150.0
3,108.0
3,154.0
3,100.0
3,150.0
3,100.0
3,150.0
3,0.0
3,158.0
3,100.0
3,150.0
3,150.0
3,100.0
3,154.0
3,0.0
3,91.0
3,150.0
3,99.0
3,100.0
3,150.0
3,150.0
3,188.99998
3,102.0
3,107.999985
3,162.0
3,0.0
4,163.0
4,100.0
4,150.0
4,162.0
4,20.0
4,90.0
4,105.0
4,158.0
4,179.0
4,150.0
4,127.99995
4,100.0
4,124.999954
4,113.99996
4,100.0
4,50.0
4,100.0
4,100.0
4,100.0
4,100.0
4,150.0
4,120.0
4,119.0
4,150.0
4,92.999985
4,0.0
4,124.0
4,150.0
4,81.99999
4,112.0
4,0.0
4,50.0
4,100.0
4,100.0
4,50.0
4,117.0
4,100.0
4,132.99995
4,0.0
4,100.0
4,118.0
4,100.0
4,100.0
4,115.99996
4,100.0
4,171.0
4,100.0
4,313.00003
4,81.99999
4,100.0
4,0.0
5,150.49998
5,0.0
5,120.99997
5,164.0
5,100.0
5,100.0
5,0.0
5,20.0
5,0.0
5,100.0
5,100.0
5,178.0
5,161.0
5,0.0
5,150.0
5,100.0
5,104.0
5,102.0
5,154.0
5,167.0
5,109.0
5,103.0
5,177.0
5,20.0
5,108.999985
5,100.0
5,100.0
5,109.0
5,171.0
5,81.99999
5,150.0
5,170.0
5,101.0
5,103.0
5,150.0
5,100.0
5,100.0
5,119.999954
5,162.0
5,108.0
5,50.0
5,154.0
5,100.0
5,50.0
5,150.0
5,100.0
5,158.0
5,16.0
5,154.0
5,100.0
5,0.0
6,152.0
6,166.0
6,108.0
6,166.0
6,77.99999
6,100.0
6,150.0
6,162.0
6,154.0
6,166.0
6,170.0
6,162.0
6,158.0
6,86.0
6,50.0
6,162.0
6,150.0
6,166.0
6,154.0
6,100.0
6,105.0
6,100.0
6,99.999985
6,106.0
6,116.0
6,158.0
6,150.0
6,158.0
6,0.0
6,0.0
6,81.99999
6,162.0
6,166.0
6,158.0
6,76.0
6,170.0
6,100.0
6,162.0
6,150.0
6,100.0
6,100.0
6,50.0
6,150.0
6,150.0
6,150.0
6,100.0
6,100.0
6,150.0
6,150.0
6,154.0
6,0.0
7,10.0
7,158.0
7,154.0
7,154.0
7,100.0
7,0.0
7,162.0
7,115.999985
7,162.0
7,162.0
7,0.0
7,150.0
7,159.99998
7,162.0
7,150.0
7,92.0
7,100.0
7,162.0
7,100.0
7,108.0
7,50.0
7,118.0
7,154.0
7,150.0
7,103.999985
7,50.0
7,162.0
7,158.0
7,150.0
7,109.999985
7,170.0
7,162.0
7,170.0
7,150.99998
7,100.0
7,100.0
7,108.0
7,50.0
7,114.99996
7,0.0
7,154.0
7,150.0
7,100.0
7,154.0
7,154.0
7,158.0
7,154.0
7,162.0
7,154.0
7,100.0
7,0.0
8,76.999985
8,50.0
8,170.0
8,158.0
8,0.0
8,166.0
8,100.0
8,162.0
8,50.0
8,166.0
8,100.0
8,166.0
8,115.99996
8,154.0
8,170.0
8,154.0
8,122.999954
8,158.0
8,103.999985
8,162.0
8,158.0
8,150.0
8,100.0
8,162.0
8,107.999985
8,78.99999
8,50.0
8,170.0
8,166.0
8,100.0
8,0.0
8,0.0
8,105.999985
8,154.0
8,166.0
8,100.0
8,91.0
8,97.0
8,162.0
8,166.0
8,108.0
8,100.0
8,166.0
8,81.99999
8,0.0
8,166.0
8,166.0
8,166.0
8,162.0
8,158.0
8,0.0
9,160.0
9,100.0
9,150.0
9,166.0
9,154.0
9,121.999954
9,170.0
9,158.0
9,100.0
9,100.0
9,114.999985
9,154.0
9,158.0
9,100.0
9,150.0
9,166.0
9,150.0
9,154.0
9,100.0
9,100.99999
9,117.0
9,162.0
9,77.0
9,157.99998
9,162.0
9,105.999985
9,166.0
9,20.0
9,166.0
9,50.0
9,158.0
9,100.0
9,150.0
9,158.0
9,181.99998
9,20.0
9,154.0
9,100.0
9,76.0
9,50.0
9,166.0
9,162.0
9,166.0
9,110.99997
9,100.0
9,166.0
9,108.999985
9,50.0
9,162.0
9,154.0
9,0.0
10,100.0
10,55.0
10,150.0
10,166.0
10,100.0
10,170.0
10,120.999954
10,162.0
10,166.0
10,126.0
10,150.0
10,100.0
10,100.0
10,50.0
10,16.0
10,166.0
10,0.0
10,111.99997
10,154.0
10,166.0
10,0.0
10,154.0
10,100.0
10,154.0
10,162.0
10,100.0
10,104.999985
10,150.0
10,100.0
10,0.0
10,162.0
10,154.0
10,0.0
10,162.0
10,162.0
10,162.0
10,100.0
10,0.0
10,154.0
10,166.0
10,0.0
10,150.0
10,158.0
10,100.0
10,162.0
10,50.0
10,158.0
10,150.0
10,50.0
10,170.0
10,0.0
11,160.0
11,107.0
11,100.0
11,106.0
11,160.0
11,110.999985
11,100.0
11,50.0
11,0.0
11,154.0
11,50.0
11,108.0
11,115.99996
11,0.0
11,0.0
11,150.0
11,114.999985
11,154.0
11,162.0
11,150.0
11,108.0
11,113.999985
11,154.0
11,0.0
11,106.999985
11,103.0
11,150.0
11,150.0
11,154.0
11,103.0
11,108.0
11,106.0
11,158.0
11,100.0
11,162.0
11,100.0
11,166.0
11,126.0
11,162.0
11,100.0
11,162.0
11,107.999985
11,0.0
11,154.0
11,100.0
11,150.0
11,50.0
11,122.999954
11,158.0
11,101.0
11,0.0
12,160.0
12,0.0
12,150.0
12,106.999985
12,154.0
12,100.0
12,166.0
12,0.0
12,87.0
12,154.0
12,16.0
12,79.99999
12,80.0
12,166.0
12,166.0
12,50.0
12,88.0
12,150.0
12,85.0
12,0.0
12,16.0
12,166.0
12,100.0
12,107.0
12,105.0
12,105.0
12,101.999985
12,166.0
12,154.0
12,166.0
12,162.0
12,170.0
12,0.0
12,170.0
12,162.0
12,100.0
12,100.0
12,150.0
12,50.0
12,170.0
12,158.0
12,162.0
12,100.0
12,154.0
12,100.0
12,108.0
12,118.999954
12,151.99998
12,100.0
12,162.0
12,0.0
