Generation,Fitness
0,54.0
0,0.0
0,0.0
0,0.0
0,0.0
0,118.0
0,0.0
0,0.0
0,50.0
0,0.0
0,0.0
0,0.0
0,0.0
0,0.0
0,0.0
0,50.0
0,75.0
0,0.0
0,66.0
0,0.0
0,0.0
0,0.0
0,0.0
0,0.0
0,20.0
0,0.0
0,0.0
0,0.0
0,0.0
0,0.0
0,0.0
0,0.0
0,0.0
0,105.99997
0,0.0
0,0.0
0,0.0
0,0.0
0,0.0
0,0.0
0,0.0
0,0.0
0,0.0
0,0.0
0,0.0
0,0.0
0,50.0
0,0.0
0,0.0
0,0.0
1,137.0
1,50.0
1,69.0
1,67.0
1,78.99999
1,0.0
1,116.0
1,125.999954
1,102.0
1,124.999954
1,59.0
1,69.0
1,125.999954
1,69.0
1,100.0
1,127.99995
1,50.0
1,62.0
1,50.0
1,50.0
1,192.0
1,150.0
1,168.0
1,3214.0
1,71.0
1,64.0
1,50.0
1,0.0
1,50.0
1,116.0
1,100.0
1,60.0
1,59.0
1,0.0
1,116.0
1,50.0
1,50.0
1,114.0
1,121.999954
1,0.0
1,64.0
1,66.0
1,124.999954
1,70.0
1,0.0
1,64.0
1,71.0
1,16.0
1,67.0
1,50.0
1,0.0
2,0.0
2,100.0
2,110.0
2,166.0
2,116.0
2,125.999954
2,118.999954
2,131.99995
2,120.999954
2,120.999954
2,0.0
2,100.0
2,110.0
2,112.0
2,126.0
2,106.0
2,116.0
2,116.0
2,74.0
2,58.0
2,69.0
2,66.0
2,69.0
2,50.0
2,0.0
2,58.0
2,88.99999
2,66.0
2,59.0
2,50.0
2,0.0
2,125.999954
2,118.99996
2,108.0
2,131.99997
2,150.0
2,166.0
2,0.0
2,125.999954
2,0.0
2,130.99994
2,133.99995
2,127.99995
2,174.0
2,168.0
2,100.0
2,100.0
2,166.0
2,3213.0
2,174.0
2,0.0
2,0.0
2,0.0
2,0.0
2,0.0
3,3716.5
3,178.0
3,176.0
3,98.0
3,166.0
3,100.0
3,1202.0
3,150.0
3,174.0
3,166.0
3,166.0
3,0.0
3,74.0
3,129.99997
3,0.0
3,0.0
3,0.0
3,50.0
3,50.0
3,100.0
3,76.99999
3,67.0
3,2205.0
3,176.0
3,70.0
3,100.0
3,100.0
3,100.0
3,100.0
3,100.0
3,123.999954
3,50.0
3,121.999954
3,50.0
3,50.0
3,76.0
3,124.999954
3,81.99999
3,126.999954
3,0.0
3,124.999954
3,100.99998
3,123.999954
3,100.0
3,1208.0
3,168.0
3,102.0
3,100.0
3,100.0
3,100.0
4,126.00011
4,5222.0
4,4216.0
4,0.0
4,0.0
4,0.0
4,3213.0
4,121.999954
4,4217.0
4,2206.0
4,3215.0
4,1202.0
4,0.0
4,0.0
4,0.0
4,1203.0
4,134.0
4,141.0
4,106.0
4,100.0
4,102.0
4,100.0
4,150.0
4,150.0
4,100.0
4,218.99997
4,123.999954
4,121.999954
4,195.99995
4,0.0
4,124.999954
4,125.999954
4,134.0
4,123.99996
4,120.0
4,126.0
4,100.0
4,100.0
4,118.0
4,171.99994
4,164.0
4,100.0
4,100.0
4,50.0
4,166.0
4,58.0
4,50.0
4,65.0
4,0.0
4,0.0
4,0.0
5,2213.5
5,1202.0
5,2224.0
5,3221.0
5,2218.0
5,4230.0
5,0.0
5,3215.0
5,4246.0
5,94.0
5,185.99997
5,132.0
5,104.0
5,100.0
5,166.0
5,100.0
5,175.0
5,108.0
5,92.0
5,120.999954
5,116.0
5,293.00018
5,117.99996
5,0.0
5,1205.0
5,126.999954
5,0.0
5,5250.0
5,3210.0
5,1204.0
5,73.0
5,2223.0
5,4223.0
5,59.0
5,2205.0
5,0.0
5,5265.0
5,3210.0
5,50.0
5,4215.0
5,4364.0
5,147.99995
5,0.0
5,186.0
5,166.0
5,150.0
5,154.0
5,0.0
5,100.0
5,91.999985
5,0.0
5,0.0
5,0.0
5,0.0
5,0.0
5,0.0
5,0.0
5,0.0
5,0.0
5,0.0
5,0.0
5,0.0
6,2232.5
6,50.0
6,199.99995
6,0.0
6,4222.0
6,5221.0
6,80.0
6,4220.0
6,1208.0
6,1221.0
6,2212.0
6,2210.0
6,2213.0
6,50.0
6,3219.0
6,1208.0
6,2253.0
6,1203.0
6,255.99994
6,3218.0
6,5231.0
6,1208.0
6,0.0
6,50.0
6,3214.0
6,3215.0
6,0.0
6,4220.0
6,2210.0
6,1206.0
6,3214.0
6,70.0
6,147.99998
6,50.0
6,188.99995
6,74.0
6,2234.0
6,1202.0
6,0.0
6,2215.0
6,2236.0
6,0.0
6,190.99995
6,50.0
6,1206.0
6,188.0
6,0.0
6,1207.0
6,90.999985
6,50.0
6,0.0
7,2217.0
7,1207.0
7,50.0
7,4220.0
7,0.0
7,0.0
7,3218.0
7,1206.0
7,4222.0
7,2210.0
7,1205.0
7,4225.0
7,3216.0
7,3212.0
7,2210.0
7,2209.0
7,3216.0
7,4218.0
7,1201.0
7,1201.0
7,50.0
7,1231.0
7,2218.0
7,186.99998
7,1202.0
7,2206.0
7,1200.0
7,2206.0
7,2213.0
7,2206.0
7,3216.0
7,3214.0
7,2209.0
7,2208.0
7,2210.0
7,2208.0
7,1349.0
7,1212.0
7,1203.0
7,1200.0
7,4219.0
7,1207.0
7,0.0
7,3213.0
7,134.99997
7,1241.0
7,141.0
7,2226.0
7,257.0002
7,2206.0
7,0.0
8,1713.0
8,2216.0
8,2208.0
8,4224.0
8,1228.0
8,1206.0
8,1200.0
8,0.0
8,2215.0
8,1207.0
8,1205.0
8,1203.0
8,2238.0
8,3256.0
8,3216.0
8,2211.0
8,2211.0
8,1204.0
8,133.99995
8,2210.0
8,3212.0
8,1265.0001
8,1210.0
8,2215.0
8,1205.0
8,1202.0
8,1202.0
8,1205.0
8,4224.0
8,1200.0
8,50.0
8,1200.0
8,2213.0
8,1200.0
8,4225.0
8,1228.0
8,2238.0
8,1205.0
8,0.0
8,50.0
8,3213.0
8,1203.0
8,2208.0
8,0.0
8,4228.0
8,2207.0
8,1201.0
8,3224.0
8,0.0
8,74.0
8,0.0
8,0.0
8,0.0
8,0.0
8,0.0
8,0.0
8,0.0
8,0.0
8,0.0
8,0.0
8,0.0
8,0.0
8,0.0
8,0.0
8,0.0
8,0.0
8,0.0
8,0.0
8,0.0
8,0.0
8,0.0
8,0.0
8,0.0
8,0.0
8,0.0
8,0.0
8,0.0
8,0.0
8,0.0
9,0.0
9,0.0
9,50.0
9,1207.0
9,2218.0
9,4225.0
9,1204.0
9,1203.0
9,0.0
9,0.0
9,4254.0
9,1209.0
9,4217.0
9,1202.0
9,1203.0
9,1211.0
9,2218.0
9,1200.0
9,3216.0
9,1206.0
9,0.0
9,2218.0
9,1228.0
9,3215.0
9,0.0
9,0.0
9,1203.0
9,1204.0
9,4221.0
9,4222.0
9,3220.0
9,1205.0
9,3214.0
9,2211.0
9,3274.0
9,0.0
9,1228.0
9,3243.0
9,2208.0
9,3221.0
9,50.0
9,2208.0
9,0.0
9,1210.0
9,1209.0
9,1206.0
9,2208.0
9,82.999985
9,4223.0
9,0.0
9,0.0
9,0.0
10,1207.0
10,1203.0
10,1207.0
10,1203.0
10,16.0
10,50.0
10,2211.0
10,4223.0
10,2213.0
10,74.0
10,3240.0
10,4218.0
10,2207.0
10,1205.0
10,1220.0
10,4217.0
10,0.0
10,2206.0
10,1204.0
10,1203.0
10,3215.0
10,3213.0
10,0.0
10,4219.0
10,2230.0
10,1204.0
10,4218.0
10,1201.0
10,1204.0
10,1202.0
10,2247.0
10,0.0
10,1204.0
10,0.0
10,3215.0
10,1208.0
10,1222.0
10,1212.0
10,1202.0
10,1207.0
10,131.99995
10,4292.0
10,3250.0
10,0.0
10,2218.0
10,4225.0
10,3216.0
10,50.0
10,0.0
10,129.99994
10,0.0
10,0.0
10,0.0
10,0.0
10,0.0
10,0.0
10,0.0
10,0.0
10,0.0
10,0.0
10,0.0
10,0.0
10,0.0
10,0.0
10,0.0
10,0.0
10,0.0
10,0.0
10,0.0
10,0.0
10,0.0
10,0.0
10,0.0
10,0.0
10,0.0
10,0.0
11,3219.5
11,3217.0
11,2333.0
11,1201.0
11,3215.0
11,0.0
11,1210.0
11,0.0
11,2237.0
11,1202.0
11,4221.0
11,4224.0
11,3213.0
11,263.0
11,2215.0
11,4239.0
11,7239.0
11,0.0
11,50.0
11,2213.0
11,3212.0
11,55.0
11,1204.0
11,3217.0
11,2210.0
11,0.0
11,0.0
11,1206.0
11,50.0
11,4220.0
11,1208.0
11,0.0
11,3213.0
11,2211.0
11,3217.0
11,3214.0
11,2219.0
11,4223.0
11,1291.0001
11,1206.0
11,5224.0
11,0.0
11,7233.0
11,50.0
11,3216.0
11,4226.0
11,0.0
11,1202.0
11,2215.0
11,2210.0
11,0.0
12,3216.0
12,3219.0
12,1203.0
12,3219.0
12,1205.0
12,1215.0
12,4220.0
12,1208.0
12,1202.0
12,1204.0
12,3220.0
12,6233.0
12,3219.0
12,1207.0
12,3214.0
12,1215.0
12,2208.0
12,4219.0
12,1204.0
12,0.0
12,4225.0
12,2211.0
12,3215.0
12,3213.0
12,4223.0
12,3214.0
12,2213.0
12,3215.0
12,3217.0
12,2209.0
12,3222.0
12,2210.0
12,4219.0
12,50.0
12,4218.0
12,3218.0
12,2213.0
12,3219.0
12,3216.0
12,1207.0
12,5224.0
12,1206.0
12,2210.0
12,2212.0
12,3214.0
12,1208.0
12,3217.0
12,2208.0
12,6233.0
12,1202.0
12,0.0
12,0.0
12,0.0
12,0.0
