Generation,Fitness
0,0.0
0,820.0
0,5.0
0,180.0
0,130.0
0,0.0
0,5.0
0,0.0
0,190.0
0,0.0
0,210.0
0,0.0
0,0.0
0,10.0
0,213.33333
0,0.0
0,0.0
0,0.0
0,0.0
0,0.0
1,260.0
1,630.0
1,470.0
1,330.0
1,305.0
1,470.0
1,485.0
1,460.0
1,0.0
1,490.0
1,0.0
1,135.0
1,0.0
1,0.0
1,480.0
1,465.0
1,0.0
1,0.0
1,0.0
1,455.0
1,55.0
2,473.33334
2,0.0
2,0.0
2,0.0
2,80.0
2,0.0
2,476.66666
2,580.0
2,450.0
2,603.3333
2,460.0
2,0.0
2,0.0
2,454.0
2,460.0
2,0.0
2,450.0
2,0.0
2,0.0
2,480.0
2,0.0
3,0.0
3,0.0
3,0.0
3,450.0
3,640.0
3,490.0
3,460.0
3,880.0
3,415.0
3,0.0
3,120.0
3,0.0
3,570.0
3,450.0
3,0.0
3,0.0
3,456.66666
3,380.0
3,500.0
3,470.0
3,0.0
4,0.0
4,460.0
4,500.0
4,450.0
4,0.0
4,0.0
4,463.33334
4,510.0
4,0.0
4,440.0
4,460.0
4,0.0
4,495.0
4,0.0
4,460.0
4,0.0
4,0.0
4,450.0
4,490.0
4,475.0
4,520.0
5,475.0
5,743.3333
5,0.0
5,460.0
5,60.0
5,513.3333
5,443.33334
5,5.0
5,0.0
5,0.0
5,0.0
5,0.0
5,480.0
5,0.0
5,230.0
5,430.0
5,895.0
5,0.0
5,0.0
5,470.0
5,440.0
6,480.0
6,470.0
6,460.0
6,450.0
6,520.0
6,490.0
6,450.0
6,430.0
6,460.0
6,480.0
6,0.0
6,510.0
6,466.66666
6,480.0
6,870.0
6,60.0
6,0.0
6,0.0
6,490.0
6,0.0
6,0.0
7,450.0
7,475.0
7,470.0
7,510.0
7,0.0
7,460.0
7,90.0
7,480.0
7,465.0
7,0.0
7,0.0
7,460.0
7,470.0
7,460.0
7,485.0
7,0.0
7,0.0
7,0.0
7,460.0
7,470.0
7,650.0
8,505.0
8,0.0
8,0.0
8,460.0
8,0.0
8,460.0
8,450.0
8,450.0
8,470.0
8,0.0
8,440.0
8,500.0
8,0.0
8,480.0
8,445.0
8,0.0
8,560.0
8,460.0
8,500.0
8,450.0
8,480.0
9,465.0
9,490.0
9,0.0
9,0.0
9,440.0
9,0.0
9,450.0
9,10.0
9,0.0
9,480.0
9,0.0
9,480.0
9,0.0
9,613.3333
9,490.0
9,0.0
9,685.0
9,470.0
9,440.0
9,0.0
9,485.0
10,490.0
10,960.0
10,480.0
10,460.0
10,840.0
10,0.0
10,10.0
10,0.0
10,445.0
10,0.0
10,470.0
10,480.0
10,0.0
10,460.0
10,870.0
10,0.0
10,970.0
10,0.0
10,140.0
10,0.0
10,440.0
11,470.0
11,0.0
11,480.0
11,460.0
11,500.0
11,470.0
11,470.0
11,450.0
11,490.0
11,515.0
11,460.0
11,490.0
11,475.0
11,0.0
11,475.0
11,440.0
11,470.0
11,450.0
11,460.0
11,0.0
11,470.0
12,0.0
12,480.0
12,0.0
12,460.0
12,500.0
12,480.0
12,450.0
12,510.0
12,480.0
12,623.3333
12,0.0
12,453.33334
12,455.0
12,440.0
12,10.0
12,0.0
12,430.0
12,0.0
12,460.0
12,465.0
12,0.0
13,0.0
13,480.0
13,0.0
13,0.0
13,480.0
13,0.0
13,0.0
13,0.0
13,465.0
13,460.0
13,470.0
13,502.5
13,400.0
13,493.33334
13,480.0
13,465.0
13,0.0
13,450.0
13,580.0
13,280.0
13,545.0
14,540.0
14,550.0
14,0.0
14,560.0
14,360.0
14,390.0
14,540.0
14,370.0
14,380.0
14,460.0
14,570.0
14,515.0
14,0.0
14,340.0
14,540.0
14,410.0
14,385.0
14,0.0
14,0.0
14,250.0
14,0.0
15,480.0
15,0.0
15,450.0
15,430.0
15,490.0
15,0.0
15,626.6667
15,0.0
15,870.0
15,490.0
15,0.0
15,510.0
15,0.0
15,500.0
15,150.0
15,456.66666
15,460.0
15,0.0
15,450.0
15,455.0
15,500.0
16,0.0
16,460.0
16,0.0
16,450.0
16,0.0
16,596.6667
16,970.0
16,380.0
16,460.0
16,0.0
16,480.0
16,495.0
16,450.0
16,970.0
16,475.0
16,0.0
16,770.0
16,930.0
16,0.0
16,0.0
16,10.0
17,500.0
17,540.0
17,490.0
17,480.0
17,460.0
17,510.0
17,480.0
17,394.0
17,320.0
17,470.0
17,0.0
17,0.0
17,0.0
17,0.0
17,490.0
17,0.0
17,0.0
17,0.0
17,0.0
17,460.0
17,435.0
18,0.0
18,480.0
18,470.0
18,760.0
18,1010.0
18,0.0
18,0.0
18,0.0
18,510.0
18,0.0
18,0.0
18,50.0
18,50.0
18,440.0
18,480.0
18,735.0
18,0.0
18,0.0
18,480.0
18,0.0
18,1000.0
19,0.0
19,470.0
19,470.0
19,485.0
19,470.0
19,0.0
19,470.0
19,0.0
19,0.0
19,460.0
19,475.0
19,0.0
19,485.0
19,440.0
19,496.66666
19,0.0
19,450.0
19,0.0
19,470.0
19,465.0
19,430.0
20,440.0
20,0.0
20,0.0
20,480.0
20,470.0
20,740.0
20,460.0
20,0.0
20,0.0
20,490.0
20,470.0
20,0.0
20,485.0
20,0.0
20,0.0
20,460.0
20,1010.0
20,690.0
20,0.0
20,720.0
20,0.0
21,620.0
21,640.0
21,0.0
21,455.0
21,0.0
21,0.0
21,490.0
21,540.0
21,470.0
21,480.0
21,0.0
21,0.0
21,470.0
21,0.0
21,460.0
21,470.0
21,270.0
21,0.0
21,460.0
21,450.0
21,0.0
22,470.0
22,0.0
22,0.0
22,510.0
22,430.0
22,0.0
22,510.0
22,472.5
22,0.0
22,540.0
22,500.0
22,0.0
22,460.0
22,470.0
22,466.66666
22,0.0
22,0.0
22,470.0
22,460.0
22,0.0
22,480.0
23,0.0
23,0.0
23,486.66666
23,490.0
23,60.0
23,470.0
23,450.0
23,450.0
23,475.0
23,0.0
23,0.0
23,850.0
23,470.0
23,480.0
23,465.0
23,0.0
23,460.0
23,910.0
23,465.0
23,470.0
23,0.0
24,480.0
24,460.0
24,483.33334
24,0.0
24,0.0
24,0.0
24,0.0
24,480.0
24,460.0
24,450.0
24,730.0
24,0.0
24,450.0
24,0.0
24,490.0
24,745.0
24,460.0
24,0.0
24,0.0
24,0.0
24,480.0
25,560.0
25,0.0
25,565.0
25,480.0
25,490.0
25,0.0
25,0.0
25,1050.0
25,440.0
25,483.33334
25,370.0
25,240.0
25,0.0
25,490.0
25,530.0
25,470.0
25,530.0
25,440.0
25,470.0
25,0.0
25,450.0
Generation,Fitness
0,0.0
0,0.0
0,410.0
0,0.0
0,0.0
0,210.0
0,0.0
0,50.0
0,10.0
0,0.0
0,50.0
0,0.0
0,0.0
0,0.0
0,5.0
0,10.0
0,5.0
0,0.0
0,0.0
0,5.0
1,0.0
1,60.0
1,155.0
1,170.0
1,105.0
1,110.0
1,155.0
1,110.0
1,690.0
1,580.0
1,0.0
1,240.0
1,230.0
1,0.0
1,110.0
1,300.0
1,0.0
1,480.0
1,130.0
1,105.0
1,0.0
2,0.0
2,0.0
2,650.0
2,710.0
2,595.0
2,620.0
2,0.0
2,146.66667
2,3.3333333
2,690.0
2,0.0
2,246.66667
2,0.0
2,0.0
2,220.0
2,670.0
2,590.0
2,0.0
2,680.0
2,0.0
2,220.0
3,370.0
3,380.0
3,146.66667
3,0.0
3,200.0
3,0.0
3,372.5
3,370.0
3,770.0
3,760.0
3,0.0
3,370.0
3,0.0
3,390.0
3,0.0
3,376.66666
3,0.0
3,800.0
3,360.0
3,0.0
3,380.0
4,380.0
4,0.0
4,0.0
4,350.0
4,0.0
4,380.0
4,390.0
4,0.0
4,370.0
4,375.0
4,0.0
4,390.0
4,0.0
4,0.0
4,560.0
4,0.0
4,373.33334
4,0.0
4,0.0
4,0.0
4,380.0
Generation,Fitness
0,0.0
0,0.0
0,20.0
0,0.0
0,0.0
0,0.0
0,0.0
0,10.0
0,0.0
0,0.0
0,0.0
0,0.0
0,0.0
0,10.0
0,0.0
0,33.99998
0,227.0
0,0.0
0,0.0
0,6.6666665
1,30.999992
1,0.0
1,227.0
1,0.0
1,33.49998
1,32.49998
1,58.99998
1,124.0
1,8.000001
1,106.0
1,0.0
1,168.0
1,0.0
1,224.0
1,77.000175
1,0.0
1,0.0
1,116.0
1,0.0
1,226.0
1,113.5
2,127.0
2,0.0
2,116.0
2,112.0
2,126.0
2,0.0
2,126.0
2,0.0
2,126.0
2,114.5
2,0.0
2,124.0
2,125.0
2,115.5
2,112.333336
2,0.0
2,116.0
2,127.0
2,0.0
2,0.0
2,125.0
3,124.0
3,117.0
3,113.0
3,127.0
3,0.0
3,0.0
3,0.0
3,125.0
3,0.0
3,126.0
3,0.0
3,125.0
3,0.0
3,115.0
3,0.0
3,0.0
3,116.0
3,116.5
3,125.0
3,109.25
3,127.0
4,0.0
4,0.0
4,125.0
4,115.0
4,0.0
4,0.0
4,127.0
4,115.0
4,127.0
4,0.0
4,125.0
4,126.0
4,0.0
4,125.0
4,126.0
4,124.0
4,115.5
4,116.5
4,115.5
4,111.333336
4,124.0
5,0.0
5,0.0
5,0.0
5,112.333336
5,0.0
5,125.0
5,0.0
5,115.0
5,0.0
5,111.333336
5,105.333336
5,126.0
5,127.0
5,127.0
5,0.0
5,0.0
5,116.0
5,0.0
5,126.0
5,116.5
5,114.5
6,115.0
6,0.0
6,124.0
6,0.0
6,124.0
6,115.0
6,125.0
6,0.0
6,125.0
6,125.0
6,126.0
6,126.0
6,114.5
6,126.0
6,0.0
6,126.0
6,110.25
6,127.0
6,124.0
6,0.0
6,125.0
7,125.0
7,127.0
7,112.333336
7,124.0
7,127.0
7,125.0
7,125.0
7,116.0
7,112.333336
7,0.0
7,0.0
7,0.0
7,0.0
7,94.0
7,126.0
7,0.0
7,0.0
7,0.0
7,116.5
7,0.0
7,115.5
8,109.5
8,0.0
8,0.0
8,124.0
8,0.0
8,127.0
8,126.0
8,126.0
8,117.0
8,115.5
8,0.0
8,0.0
8,106.666664
8,113.0
8,126.0
8,0.0
8,117.0
8,126.0
8,0.0
8,0.0
8,0.0
9,116.5
9,116.5
9,114.5
9,127.0
9,0.0
9,113.0
9,112.666664
9,0.0
9,125.0
9,123.0
9,117.0
9,0.0
9,125.0
9,0.0
9,126.0
9,0.0
9,126.0
9,0.0
9,126.0
9,0.0
9,124.0
10,116.0
10,125.0
10,125.0
10,0.0
10,0.0
10,114.5
10,0.0
10,127.0
10,115.5
10,115.5
10,0.0
10,125.0
10,125.0
10,127.0
10,66.5
10,127.0
10,115.5
10,0.0
10,127.0
10,125.0
10,125.0
11,0.0
11,116.0
11,125.0
11,0.0
11,112.666664
11,127.0
11,116.0
11,116.5
11,0.0
11,112.666664
11,112.333336
11,117.0
11,126.0
11,0.0
11,126.0
11,0.0
11,126.0
11,0.0
11,0.0
11,0.0
11,0.0
12,0.0
12,115.0
12,0.0
12,0.0
12,127.0
12,111.666664
12,0.0
12,113.0
12,0.0
12,0.0
12,115.5
12,116.5
12,0.0
12,0.0
12,127.0
12,112.333336
12,0.0
12,0.0
12,114.0
12,115.5
12,127.0
13,126.0
13,67.0
13,124.0
13,116.0
13,0.0
13,110.666664
13,0.0
13,127.0
13,116.0
13,0.0
13,116.5
13,116.5
13,125.0
13,115.5
13,0.0
13,127.0
13,126.0
13,0.0
13,0.0
13,0.0
13,126.0
14,126.0
14,0.0
14,115.0
14,111.75
14,125.0
14,0.0
14,0.0
14,116.5
14,126.0
14,0.0
14,127.0
14,116.0
14,126.0
14,0.0
14,0.0
14,113.333336
14,116.5
14,0.0
14,0.0
14,125.0
14,125.0
15,67.5
15,127.0
15,116.0
15,0.0
15,126.0
15,0.0
15,127.0
15,11.000002
15,0.0
15,115.0
15,0.0
15,0.0
15,126.0
15,0.0
15,80.333336
15,0.0
15,123.0
15,116.0
15,85.0
15,126.0
15,0.0
16,126.0
16,126.0
16,127.0
16,67.0
16,0.0
16,127.0
16,0.0
16,127.0
16,126.0
16,117.0
16,115.0
16,0.0
16,79.0
16,0.0
16,113.0
16,0.0
16,125.0
16,0.0
16,115.0
16,127.0
16,0.0
17,126.0
17,0.0
17,0.0
17,127.0
17,124.0
17,125.0
17,125.0
17,0.0
17,0.0
17,126.0
17,116.5
17,127.0
17,125.0
17,120.333336
17,124.0
17,127.0
17,126.0
17,115.5
17,116.0
17,127.0
17,19.0
18,0.0
18,127.0
18,0.0
18,113.0
18,126.0
18,127.0
18,0.0
18,126.0
18,0.0
18,0.0
18,126.0
18,112.666664
18,127.0
18,126.0
18,111.666664
18,123.0
18,125.0
18,125.0
18,127.0
18,125.0
18,124.0
19,126.0
19,0.0
19,0.0
19,112.333336
19,125.0
19,67.0
19,127.0
19,127.0
19,126.0
19,127.0
19,116.5
19,126.0
19,0.0
19,126.0
19,126.0
19,113.0
19,0.0
19,126.0
19,126.0
19,125.0
19,0.0
20,126.0
20,0.0
20,115.5
20,232.0
20,110.25
20,127.0
20,126.0
20,111.666664
20,125.0
20,0.0
20,124.0
20,0.0
20,0.0
20,0.0
20,0.0
20,125.0
20,127.0
20,115.0
20,116.5
20,0.0
20,0.0
21,0.0
21,126.0
21,0.0
21,0.0
21,109.2
21,0.0
21,0.0
21,112.0
21,0.0
21,126.0
21,0.0
21,127.0
21,117.0
21,0.0
21,0.0
21,0.0
21,0.0
21,0.0
21,113.0
21,86.5
21,116.5
22,115.5
22,0.0
22,50.0
22,0.0
22,125.0
22,124.0
22,127.0
22,0.0
22,86.25
22,55.5
22,0.0
22,126.0
22,0.0
22,126.0
22,0.0
22,126.0
22,0.0
22,126.0
22,116.5
22,39.999996
22,127.0
23,0.0
23,0.0
23,0.0
23,0.0
23,127.0
23,111.0
23,116.0
23,0.0
23,125.0
23,115.0
23,111.0
23,115.5
23,125.0
23,0.0
23,0.0
23,126.0
23,114.5
23,0.0
23,124.0
23,0.0
23,127.0
24,127.0
24,115.0
24,126.0
24,126.0
24,112.666664
24,0.0
24,0.0
24,0.0
24,116.5
24,127.0
24,0.0
24,116.0
24,0.0
24,125.0
24,116.0
24,0.0
24,0.0
24,111.333336
24,0.0
24,0.0
24,112.666664
25,127.0
25,124.0
25,123.0
25,139.25
25,126.0
25,121.5
25,116.5
25,0.0
25,0.0
25,0.0
25,124.0
25,0.0
25,0.0
25,0.0
25,127.0
25,0.0
25,125.0
25,115.0
25,125.0
25,126.0
25,0.0
26,116.5
26,0.0
26,80.666664
26,116.5
26,0.0
26,124.0
26,0.0
26,116.0
26,115.5
26,115.5
26,124.0
26,0.0
26,116.0
26,0.0
26,127.0
26,127.0
26,126.0
26,125.0
26,0.0
26,0.0
26,127.0
27,114.5
27,113.0
27,116.5
27,0.0
27,0.0
27,126.0
27,126.0
27,115.0
27,126.0
27,124.0
27,0.0
27,0.0
27,0.0
27,0.0
27,116.0
27,126.0
27,113.333336
27,0.0
27,127.0
27,116.5
27,0.0
28,117.0
28,126.0
28,114.5
28,116.5
28,0.0
28,0.0
28,111.666664
28,112.0
28,0.0
28,0.0
28,125.0
28,0.0
28,117.0
28,127.0
28,125.0
28,127.0
28,127.0
28,0.0
28,126.0
28,127.0
28,0.0
29,111.333336
29,0.0
29,116.5
29,0.0
29,0.0
29,126.0
29,117.0
29,124.0
29,126.0
29,127.0
29,116.5
29,125.0
29,115.5
29,0.0
29,115.5
29,114.5
29,0.0
29,0.0
29,0.0
29,126.0
29,126.0
30,59.0
30,0.0
30,126.0
30,0.0
30,126.0
30,115.5
30,0.0
30,80.0
30,0.0
30,116.5
30,49.25
30,125.0
30,126.0
30,116.5
30,0.0
30,0.0
30,115.5
30,0.0
30,0.0
30,0.0
30,114.5
31,112.333336
31,125.0
31,127.0
31,126.0
31,127.0
31,127.0
31,0.0
31,110.0
31,116.5
31,0.0
31,126.0
31,0.0
31,0.0
31,0.0
31,127.0
31,126.0
31,116.0
31,0.0
31,124.0
31,0.0
31,126.0
32,116.0
32,127.0
32,116.0
32,125.0
32,0.0
32,115.5
32,126.0
32,126.0
32,0.0
32,112.333336
32,124.0
32,116.5
32,0.0
32,0.0
32,115.5
32,0.0
32,0.0
32,127.0
32,0.0
32,116.5
32,127.0
33,126.0
33,127.0
33,126.0
33,125.0
33,0.0
33,0.0
33,125.0
33,115.0
33,114.0
33,127.0
33,0.0
33,0.0
33,115.5
33,116.0
33,0.0
33,127.0
33,111.666664
33,0.0
33,0.0
33,127.0
33,112.333336
34,126.0
34,127.0
34,127.0
34,117.0
34,126.0
34,0.0
34,0.0
34,117.0
34,123.0
34,0.0
34,0.0
34,0.0
34,115.5
34,115.0
34,0.0
34,0.0
34,0.0
34,125.0
34,126.0
34,112.333336
34,111.25
35,125.0
35,0.0
35,116.0
35,126.0
35,0.0
35,0.0
35,0.0
35,0.0
35,127.0
35,80.333336
35,126.0
35,126.0
35,127.0
35,116.0
35,126.0
35,0.0
35,127.0
35,115.0
35,116.0
35,116.0
35,126.0
36,127.0
36,115.0
36,127.0
36,117.0
36,67.0
36,125.0
36,0.0
36,0.0
36,126.0
36,126.0
36,0.0
36,112.333336
36,0.0
36,0.0
36,0.0
36,117.0
36,111.666664
36,0.0
36,127.0
36,115.5
36,0.0
37,0.0
37,126.0
37,115.5
37,127.0
37,124.0
37,127.0
37,127.0
37,0.0
37,127.0
37,106.666664
37,125.0
37,0.0
37,125.0
37,126.0
37,126.0
37,116.5
37,126.0
37,0.0
37,0.0
37,111.666664
37,125.0
38,0.0
38,0.0
38,0.0
38,116.5
38,0.0
38,110.0
38,126.0
38,127.0
38,126.0
38,116.5
38,116.0
38,125.0
38,125.0
38,116.0
38,127.0
38,125.0
38,0.0
38,0.0
38,0.0
38,112.0
38,0.0
39,115.0
39,126.0
39,0.0
39,116.5
39,0.0
39,124.0
39,0.0
39,116.0
39,0.0
39,126.0
39,126.0
39,116.0
39,115.5
39,124.0
39,0.0
39,124.0
39,0.0
39,122.0
39,113.333336
39,114.5
39,0.0
40,115.5
40,116.0
40,127.0
40,126.0
40,126.0
40,123.0
40,115.5
40,0.0
40,0.0
40,114.0
40,0.0
40,117.0
40,126.0
40,0.0
40,126.0
40,0.0
40,0.0
40,120.0
40,116.0
40,126.0
40,127.0
41,127.0
41,80.333336
41,126.0
41,115.5
41,0.0
41,126.0
41,125.0
41,0.0
41,0.0
41,116.5
41,0.0
41,0.0
41,125.0
41,112.333336
41,127.0
41,116.0
41,116.5
41,0.0
41,126.0
41,0.0
41,127.0
42,116.0
42,0.0
42,115.0
42,0.0
42,111.5
42,0.0
42,114.5
42,0.0
42,126.0
42,0.0
42,115.0
42,0.0
42,0.0
42,0.0
42,79.0
42,125.0
42,112.333336
42,0.0
42,125.0
42,127.0
42,0.0
43,126.0
43,0.0
43,126.0
43,0.0
43,126.0
43,116.0
43,116.0
43,0.0
43,116.5
43,127.0
43,127.0
43,126.0
43,90.6
43,0.0
43,115.5
43,0.0
43,0.0
43,115.5
43,0.0
43,0.0
43,127.0
44,127.0
44,125.0
44,0.0
44,65.0
44,115.5
44,115.0
44,126.0
44,112.666664
44,124.0
44,115.5
44,116.0
44,115.5
44,0.0
44,0.0
44,0.0
44,126.0
44,0.0
44,0.0
44,0.0
44,115.5
44,0.0
45,0.0
45,115.0
45,126.0
45,0.0
45,126.0
45,125.0
45,0.0
45,0.0
45,127.0
45,113.333336
45,116.0
45,0.0
45,126.0
45,111.666664
45,126.0
45,115.5
45,127.0
45,0.0
45,117.0
45,126.0
45,0.0
46,0.0
46,0.0
46,111.333336
46,127.0
46,0.0
46,126.0
46,0.0
46,126.0
46,0.0
46,111.0
46,91.2
46,125.0
46,127.0
46,0.0
46,0.0
46,116.0
46,124.0
46,126.0
46,126.0
46,0.0
46,123.0
47,127.0
47,0.0
47,125.0
47,61.0
47,116.5
47,0.0
47,127.0
47,127.0
47,0.0
47,127.0
47,0.0
47,0.0
47,0.0
47,112.333336
47,127.0
47,0.0
47,111.25
47,126.0
47,125.0
47,0.0
47,127.0
48,80.666664
48,0.0
48,126.0
48,0.0
48,125.0
48,115.5
48,124.0
48,127.0
48,123.0
48,117.0
48,0.0
48,0.0
48,0.0
48,126.0
48,116.0
48,115.5
48,126.0
48,115.5
48,126.0
48,126.0
48,0.0
49,126.0
49,113.333336
49,127.0
49,123.0
49,0.0
49,125.0
49,127.0
49,0.0
49,0.0
49,126.0
49,112.0
49,115.5
49,126.0
49,115.5
49,115.0
49,0.0
49,126.0
49,126.0
49,0.0
49,0.0
49,126.0
Generation,Fitness
Generation,Fitness
0,0.0
0,0.0
0,10.0
0,0.0
0,0.0
0,142.99998
0,50.0
0,67.25017
0,6.6666665
0,10.0
0,0.0
0,1462.0
0,0.0
0,0.0
0,119.000084
0,33.333332
0,104.00007
0,20.0
0,70.0
0,0.0
0,0.0
0,19.500002
0,20.0
0,50.0
0,0.0
0,0.0
0,6.6666665
0,0.0
0,4.0
0,0.0
0,0.0
0,20.0
0,0.0
0,43.49998
0,20.0
0,50.0
0,20.0
0,101.00004
0,196.00008
0,0.0
0,50.0
0,53.00008
0,77.000114
0,20.0
0,96.999954
0,31.499992
0,86.0
0,75.3335
0,20.0
0,44.499977
1,37.666668
1,3160.0
1,167.00003
1,10.0
1,1590.0
1,2245.0
1,1225.0
1,20.0
1,72.99996
1,50.0
1,0.0
1,6.0
1,3227.3333
1,0.0
1,302.5003
1,4238.0
1,3592.0
1,1225.0
1,5296.0
1,163.50003
1,153.99997
1,32.0
1,225.00005
1,2176.3333
1,3275.5
1,828.3333
1,146.00006
1,94.50012
1,1149.0
1,301.99994
1,3460.25
1,1703.5
1,0.0
1,63.00006
1,4120.0
1,74.999954
1,0.0
1,95.74999
1,83.0
1,15.500001
1,284.00018
1,92.666695
1,86.74999
1,113.25009
1,2255.5
1,48.666668
1,0.0
1,3270.0
1,2825.0
1,99.99998
1,1686.5
2,72.00018
2,15.0
2,1630.5
2,616.0
2,32.75004
2,3114.0
2,1640.0
2,594.25
2,1179.0
2,3225.0
2,3134.5
2,1140.0
2,2697.5
2,61.000053
2,4249.0
2,2110.5
2,3730.5
2,2090.5
2,0.0
2,2067.5
2,5291.0
2,1911.0
2,1125.0
2,4161.0
2,64.50001
2,4150.0
2,2189.0
2,2130.0
2,0.0
2,20.999992
2,72.0
2,20.0
2,2697.0
2,1108.0
2,0.0
2,66.99996
2,2189.3333
2,76.0
2,3112.0
2,0.0
2,1177.0
2,78.999954
2,112.00001
2,2113.5
2,1766.6
2,3144.0
2,0.0
2,1120.0
2,30.750023
2,1090.6666
2,189.5
3,4150.0
3,2707.5
3,2733.5
3,5311.0
3,15.000002
3,5298.0
3,65.99999
3,52.0
3,899.5
3,4195.5
3,0.0
3,0.0
3,0.0
3,461.66666
3,3719.5
3,0.0
3,1120.75
3,5298.0
3,659.5
3,4244.0
3,4146.0
3,0.0
3,2198.75
3,0.0
3,476.0
3,2203.5
3,3509.3333
3,1151.0
3,136.99998
3,0.0
3,844.5
3,1497.3334
3,4247.0
3,123.500015
3,2640.5
3,2195.0
3,0.0
3,2484.3333
3,1145.5
3,635.0
3,0.0
3,0.0
3,625.0
3,2206.0
3,3655.5
3,46.0
3,2683.0
3,71.00015
3,2132.3333
3,136.0
3,0.0
4,3280.0
4,1497.6666
4,0.0
4,2439.5
4,0.0
4,2651.0
4,114.000015
4,3217.0
4,0.0
4,2898.0
4,40.0
4,71.0
4,0.0
4,3214.0
4,59.500004
4,4166.0
4,3132.0
4,59.33334
4,2131.0
4,439.33334
4,3706.0
4,0.0
4,1606.0
4,627.5
4,1148.0
4,0.0
4,1871.6666
4,0.0
4,1437.0
4,517.6667
4,631.5
4,75.00011
4,2459.3333
4,331.5
4,4147.0
4,3206.0
4,2215.0
4,4230.5
4,0.0
4,3234.0
4,0.0
4,2480.3333
4,0.0
4,0.0
4,0.0
4,57.0
4,619.5
4,45.0
4,71.0
4,1834.3334
4,2656.0
5,2831.6667
5,1095.0
5,5286.0
5,2152.3333
5,639.0
5,0.0
5,5292.0
5,0.0
5,3150.0
5,1124.0
5,88.666664
5,61.000015
5,5308.0
5,4150.0
5,0.0
5,0.0
5,5287.0
5,119.00001
5,2906.0
5,4213.0
5,1657.0
5,3234.0
5,4143.0
5,119.0
5,118.333336
5,1628.0
5,55.5
5,1192.5
5,1498.3334
5,2131.0
5,2867.3333
5,2161.5
5,19.249989
5,3132.6667
5,5287.0
5,2184.0
5,0.0
5,732.3333
5,76.0
5,3145.0
5,2743.0
5,0.0
5,4146.0
5,4160.0
5,4143.0
5,4156.0
5,2507.6667
5,2178.0
5,0.0
5,444.66666
5,866.3333
6,0.0
6,1510.3334
6,2116.5
6,4151.0
6,0.0
6,5298.0
6,4151.0
6,2166.0
6,55.0
6,5303.0
6,1673.25
6,4155.0
6,2684.0
6,1458.6666
6,0.0
6,3142.0
6,1402.3334
6,1113.75
6,4139.0
6,596.0
6,911.3333
6,80.0
6,3179.0
6,1168.0
6,506.66663
6,0.0
6,644.0
6,3173.0
6,441.66666
6,41.666687
6,5286.0
6,109.33334
6,1534.6666
6,1214.0
6,2227.0
6,2752.0
6,5294.0
6,2123.3333
6,3727.5
6,2165.5
6,90.0
6,2111.5
6,4154.0
6,1435.6666
6,0.0
6,0.0
6,2095.5
6,4147.0
6,4152.0
6,1795.0
6,101.0
7,1659.5
7,1085.5
7,1921.8
7,0.0
7,4145.0
7,642.0
7,0.0
7,5291.0
7,1185.0
7,1158.0
7,66.0
7,2705.5
7,2718.0
7,0.0
7,3709.0
7,3200.5
7,4148.0
7,4232.0
7,2706.0
7,2143.0
7,0.0
7,102.00001
7,4152.0
7,2547.6667
7,5288.0
7,1162.5
7,2398.75
7,85.0
7,1613.5
7,56.5
7,3204.5
7,45.0
7,75.333336
7,2740.5
7,4148.0
7,1111.5
7,2161.0
7,113.00002
7,0.0
7,5156.0
7,2751.5
7,2118.0
7,2163.0
7,2737.5
7,133.0
7,1218.0
7,5291.0
7,3871.3333
7,343.5
7,2382.8
7,1112.3334
8,1562.6
8,0.0
8,5303.0
8,2738.5
8,4195.6665
8,1843.0
8,3140.0
8,0.0
8,4185.0
8,132.0
8,1141.0
8,2733.0
8,1642.5
8,271.49997
8,5283.0
8,5283.0
8,67.0
8,1623.25
8,1791.3334
8,0.0
8,615.0
8,1180.0
8,5306.0
8,2167.5
8,0.0
8,2227.0
8,92.00001
8,1473.3334
8,2106.0
8,3740.0
8,3655.0
8,5292.0
8,36.0
8,620.5
8,0.0
8,95.0
8,2175.0
8,93.50002
8,1430.6666
8,0.0
8,1134.0
8,3189.0
8,1764.6666
8,475.66666
8,2669.5
8,1440.5
8,1090.3334
8,2249.0
8,85.0
8,0.0
8,0.0
9,876.25
9,128.00003
9,2664.0
9,75.0
9,0.0
9,114.0
9,75.0
9,551.4
9,71.0
9,1125.3334
9,1181.5
9,4154.0
9,5297.0
9,0.0
9,5292.0
9,65.5
9,4151.0
9,1689.5
9,1123.75
9,2865.3333
9,1179.0
9,5290.0
9,5301.0
9,118.333336
9,5302.0
9,433.66666
9,1483.3334
9,2529.6667
9,4144.0
9,53.0
9,75.0
9,690.5
9,57.666676
9,2174.6667
9,3390.25
9,103.0
9,878.25
9,1145.0
9,4150.0
9,1149.0
9,4241.0
9,2648.0
9,2125.0
9,766.0
9,0.0
9,46.0
9,2426.75
9,1890.6666
9,5286.0
9,1464.6666
9,0.0
10,3218.3333
10,1156.0
10,3137.0
10,471.4
10,30.0
10,2675.5
10,4151.0
10,779.0
10,2107.0
10,3226.0
10,3217.0
10,111.0
10,35.5
10,50.0
10,2155.5
10,81.0
10,3157.0
10,3535.3333
10,3702.5
10,474.66666
10,4154.0
10,1514.3334
10,2186.0
10,1860.3334
10,4147.0
10,16.0
10,452.0
10,2131.0
10,630.0
10,5298.0
10,111.00001
10,4145.0
10,66.0
10,2498.0
10,1449.3334
10,0.0
10,1445.3334
10,761.3333
10,4150.0
10,5297.0
10,1472.3334
10,638.25
10,138.99995
10,3227.0
10,2751.0
10,1847.3334
10,110.33334
10,2492.0
10,1522.6
10,3142.0
10,0.0
11,1374.5
11,1161.5
11,2640.5
11,2875.6667
11,2681.5
11,119.00002
11,3227.5
11,4191.0
11,430.33334
11,1141.0
11,2173.5
11,111.0
11,4239.0
11,4167.0
11,4152.0
11,1157.3334
11,1887.25
11,1601.5
11,1951.6
11,2171.5
11,135.5
11,1143.0
11,72.0
11,454.66666
11,0.0
11,0.0
11,85.0
11,1062.5
11,87.50001
11,4136.0
11,3298.0
11,1845.0
11,55.0
11,2684.5
11,1623.5
11,65.0
11,1565.0
11,783.6667
11,2679.0
11,4218.5
11,96.0
11,2639.5
11,2218.5
11,2173.0
11,1217.0
11,5301.0
11,1207.0
11,40.0
11,0.0
11,1453.3334
11,0.0
12,1686.0
12,2154.0
12,2149.0
12,1850.3334
12,116.0
12,2872.3333
12,97.666664
12,2549.0
12,1195.0
12,2684.0
12,609.0
12,2686.5
12,45.0
12,4146.0
12,2172.0
12,1101.0
12,87.00001
12,5286.0
12,1110.5
12,2245.0
12,636.0
12,4155.0
12,1500.3334
12,2127.0
12,4145.0
12,1851.0
12,1113.3334
12,1102.5
12,2749.0
12,80.0
12,3194.5
12,122.0
12,1955.9999
12,2170.0
12,141.0
12,5272.0
12,5287.0
12,2067.5
12,121.50001
12,5287.0
12,5286.0
12,2458.25
12,1579.6666
12,77.5
12,3299.0
12,4150.0
12,51.0
12,2167.0
12,106.333336
12,2167.0
12,67.0
13,1828.6666
13,67.0
13,0.0
13,4155.0
13,3735.0
13,2157.3333
13,1120.5
13,65.0
13,94.00001
13,3740.0
13,1845.1666
13,2751.0
13,2446.75
13,105.0
13,974.0
13,4249.0
13,80.0
13,482.33334
13,83.0
13,5297.0
13,1109.0
13,2102.5
13,146.39998
13,3182.5
13,2101.0
13,2192.0
13,5290.0
13,0.0
13,3250.0
13,5287.0
13,5298.0
13,3205.8
13,158.0
13,4239.0
13,605.0
13,1134.0
13,1147.0
13,60.50001
13,41.0
13,2204.3333
13,80.0
13,144.5
13,5288.0
13,53.499992
13,2184.0
13,155.33333
13,1130.0
13,67.0
13,1143.0
13,2153.0
13,753.0
14,1179.0
14,75.0
14,4253.0
14,3235.5
14,3583.6667
14,1854.6666
14,2162.0
14,5288.0
14,2489.0
14,1894.0
14,2680.5
14,5292.0
14,2191.0
14,1146.0
14,1494.6666
14,2198.0
14,1164.0
14,69.99999
14,1119.0
14,1231.0
14,1642.3334
14,1479.0
14,66.00001
14,4146.0
14,1200.5
14,2240.0
14,1481.6666
14,99.50001
14,25.0
14,5307.0
14,2791.3333
14,1484.0
14,147.00002
14,5230.0
14,2741.5
14,5283.0
14,78.0
14,1596.5
14,85.0
14,4141.0
14,5295.0
14,101.0
14,949.0
14,80.5
14,1128.25
14,1824.0
14,1647.5
14,1150.0
14,5281.0
14,1639.0
14,217.0
15,4725.0
15,2739.5
15,2741.0
15,682.5
15,193.0
15,5297.0
15,67.0
15,1145.0
15,1852.6666
15,1118.0
15,3714.5
15,1820.0
15,0.0
15,1647.5
15,3152.5
15,1150.0
15,1525.6
15,3568.0
15,1088.0
15,5289.0
15,2147.0
15,2680.5
15,101.0
15,1622.5
15,1131.0
15,761.0
15,2170.0
15,679.5
15,181.0
15,2113.0
15,3148.0
15,2102.0
15,1631.0
15,2113.5
15,665.0
15,0.0
15,2089.5
15,63.0
15,2165.0
15,1107.0
15,160.0
15,3719.5
15,488.33328
15,1159.0
15,659.5
15,1132.0
15,4159.0
15,3130.6667
15,1184.6666
15,113.33334
15,77.0
16,1486.3334
16,2680.5
16,5297.0
16,5293.0
16,1440.0
16,4750.5
16,1144.0
16,664.0
16,796.0
16,0.0
16,1691.5
16,1175.0
16,1133.0
16,0.0
16,474.33334
16,1901.5
16,870.25
16,2749.0
16,1892.3334
16,1150.0
16,5288.0
16,115.0
16,930.0
16,1154.6666
16,1807.6666
16,2096.5
16,5296.0
16,1465.3334
16,1126.0
16,4153.0
16,1714.0
16,5302.0
16,854.99994
16,2117.0
16,1133.6666
16,2691.5
16,4151.0
16,85.0
16,667.0
16,454.66666
16,2095.0
16,1139.0
16,3254.0
16,0.0
16,3170.0
16,0.0
16,1134.0
16,2666.5
16,144.50002
16,137.0
16,0.0
17,655.25
17,1127.0
17,1140.5
17,2678.0
17,4201.0
17,0.0
17,2905.0
17,1443.6666
17,57.999996
17,2687.0
17,3681.0
17,2509.6667
17,2141.5
17,440.33334
17,1116.5
17,4139.0
17,1136.0
17,2686.5
17,0.0
17,5283.0
17,3700.5
17,609.5
17,1142.0
17,2681.0
17,2173.5
17,1153.4
17,0.0
17,1802.3334
17,669.0
17,2224.5
17,2231.0
17,4257.0
17,4149.0
17,5331.0
17,3156.0
17,3249.5
17,135.5
17,2741.5
17,695.5
17,58.999996
17,3204.5
17,39.0
17,68.0
17,3215.5
17,4232.0
17,0.0
17,2105.5
17,0.0
17,5292.0
17,0.0
17,2141.0
18,3246.5
18,5296.0
18,0.0
18,2164.5
18,606.5
18,2224.0
18,4156.0
18,3733.5
18,777.6667
18,707.5
18,1648.0
18,1121.5
18,0.0
18,2684.5
18,1805.6666
18,1455.6666
18,1205.0
18,86.50001
18,1676.75
18,4156.0
18,4232.0
18,62.0
18,4146.0
18,4142.0
18,5301.0
18,849.3333
18,4251.0
18,787.8333
18,2160.0
18,2160.0
18,1153.5
18,2837.6667
18,2160.5
18,76.0
18,4141.0
18,1593.5
18,2948.75
18,40.0
18,1460.6666
18,1168.25
18,1137.0
18,0.0
18,1435.0
18,1136.0
18,4153.0
18,171.0
18,429.0
18,2473.3333
18,46.000004
18,200.0
18,1196.0
19,3644.5
19,112.00003
19,2185.0
19,1120.0
19,2677.0
19,4159.5
19,2113.0
19,2222.5
19,2684.0
19,1762.8
19,1373.75
19,181.0
19,5278.0
19,75.0
19,2163.5
19,2101.5
19,0.0
19,55.000008
19,1089.25
19,3759.5
19,421.66666
19,2174.0
19,2185.5
19,46.500008
19,4307.5
19,2743.0
19,142.66664
19,1144.3334
19,2675.5
19,0.0
19,3718.0
19,963.2
19,663.5
19,121.0
19,107.99999
19,1173.5
19,4140.0
19,185.0
19,1173.0
19,2727.5
19,1812.6666
19,589.0
19,5294.0
19,3660.5
19,2139.0
19,451.33334
19,4148.0
19,4157.0
19,560.0
19,48.666676
19,0.0
20,433.0
20,2680.5
20,56.0
20,85.666664
20,1515.0
20,75.0
20,2174.5
20,1606.5
20,1165.3334
20,1129.0
20,2104.0
20,5283.0
20,3219.5
20,5287.0
20,1149.0
20,0.0
20,2741.5
20,485.0
20,799.6667
20,2508.0
20,3244.0
20,145.0
20,2112.5
20,1886.6666
20,5293.0
20,3221.0
20,4146.0
20,2521.0
20,3249.0
20,428.66666
20,660.5
20,1150.0
20,1660.0
20,5292.0
20,5298.0
20,660.0
20,175.0
20,4157.0
20,78.5
20,2103.0
20,484.33334
20,134.5
20,2239.0
20,237.00005
20,836.5
20,85.0
20,5292.0
20,560.0
20,623.0
20,150.0
20,402.5
21,3215.0
21,1144.0
21,5283.0
21,1897.3334
21,1140.0
21,1161.3334
21,1145.5
21,1663.25
21,2167.0
21,1842.0
21,610.0
21,2660.5
21,3134.0
21,1808.0
21,4171.0
21,2524.6667
21,171.50002
21,1815.6666
21,57.5
21,57.0
21,1095.5
21,596.5
21,2741.5
21,1897.6666
21,64.00001
21,2677.0
21,3256.0
21,655.5
21,1100.5
21,4220.0
21,2171.0
21,1258.0
21,1140.0
21,59.5
21,5296.0
21,3139.0
21,0.0
21,2134.3333
21,2183.75
21,460.0
21,1890.3334
21,3249.0
21,672.5
21,2742.5
21,2732.5
21,1158.0
21,71.50001
21,67.5
21,5288.0
21,2744.5
21,0.0
22,1784.6666
22,2106.0
22,2111.5
22,2166.5
22,4159.0
22,25.0
22,5289.0
22,1890.3334
22,688.5
22,3169.0
22,1156.5
22,1565.0
22,1096.0
22,575.5
22,2739.5
22,2686.5
22,3185.0
22,2194.0
22,345.0
22,5292.0
22,1125.0
22,61.0
22,800.0
22,2149.0
22,5296.0
22,175.0
22,5297.0
22,1476.3334
22,5277.0
22,1540.6666
22,788.3333
22,93.75
22,1132.0
22,1926.5
22,473.0
22,1899.6666
22,1112.0
22,5286.0
22,1137.0
22,158.0
22,2739.5
22,5278.0
22,55.0
22,1814.3334
22,1849.3334
22,66.0
22,38.333332
22,5283.0
22,671.0
22,5287.0
22,0.0
23,778.3333
23,3729.5
23,626.5
23,5301.0
23,823.0
23,5284.0
23,5284.0
23,484.33328
23,1200.0
23,916.0
23,2125.3333
23,1890.6666
23,65.0
23,5302.0
23,5284.0
23,510.33328
23,5287.0
23,4147.0
23,52.0
23,1471.3334
23,1631.0
23,1138.0
23,1117.5
23,2098.5
23,205.0
23,5286.0
23,45.0
23,1652.0
23,1230.0
23,4136.0
23,2183.0
23,2110.0
23,345.5
23,1126.0
23,1849.0
23,4144.0
23,1067.0
23,5292.0
23,2164.0
23,100.79999
23,656.0
23,2672.0
23,885.25
23,431.66666
23,70.0
23,1145.6666
23,664.5
23,4224.5
23,2067.5
23,2158.0
23,0.0
24,2644.5
24,5283.0
24,5290.0
24,5288.0
24,2682.0
24,165.0
24,2673.5
24,2159.3333
24,2172.6667
24,5291.0
24,1216.5999
24,210.5
24,1890.6666
24,1142.0
24,1125.0
24,1215.0
24,2166.0
24,1125.0
24,178.0
24,1517.0
24,5287.0
24,838.3333
24,2552.0
24,5292.0
24,5292.0
24,915.6
24,1894.75
24,1407.4999
24,1137.0
24,3720.5
24,1434.9999
24,63.0
24,0.0
24,905.5
24,1062.5
24,2159.0
24,167.0
24,1133.0
24,2162.0
24,2107.5
24,0.0
24,2103.5
24,1145.0
24,2684.5
24,62.0
24,1132.0
24,2112.5
24,2167.0
24,2746.5
24,1387.2
24,0.0
25,2676.0
25,1797.6666
25,2881.0
25,1135.0
25,1748.6666
25,2796.0
25,5297.0
25,5221.0
25,2139.0
25,97.50001
25,1514.3334
25,5292.0
25,156.0
25,69.500015
25,692.0
25,93.0
25,4200.0
25,2690.5
25,1809.6666
25,4139.0
25,1780.3334
25,1926.25
25,1133.5
25,27.0
25,1133.3334
25,2673.5
25,51.0
25,80.0
25,0.0
25,5281.0
25,2130.5
25,5307.0
25,1145.0
25,922.2
25,1139.0
25,4143.0
25,0.0
25,65.0
25,2703.0
25,2147.0
25,190.0
25,2901.3333
25,147.00002
25,63.999996
25,1220.0
25,1769.6666
25,92.999985
25,3709.0
25,1852.6666
25,2169.0
25,182.0
26,2129.0
26,611.5
26,1673.75
26,2671.5
26,441.0
26,1133.0
26,1511.3334
26,1167.0
26,2659.5
26,1796.6666
26,2105.5
26,4151.0
26,1454.6666
26,1253.0
26,1473.0
26,1782.0
26,4247.0
26,55.0
26,4150.0
26,590.5
26,70.0
26,48.0
26,4152.0
26,1504.3334
26,175.0
26,1130.0
26,2153.5
26,2067.5
26,2106.0
26,66.0
26,669.0
26,1808.6666
26,1837.6666
26,603.5
26,4148.0
26,2637.5
26,3492.0
26,792.0
26,1107.0
26,73.0
26,1123.0
26,4157.0
26,2089.5
26,55.0
26,4140.0
26,109.000015
26,2152.5
26,84.000084
26,0.0
26,2160.6667
26,96.50001
27,3241.5
27,1152.0
27,1843.3334
27,467.0
27,737.6667
27,4146.0
27,605.0
27,4154.0
27,5289.0
27,1104.0
27,502.33334
27,1396.0
27,591.5
27,1676.5
27,50.0
27,4154.0
27,2664.75
27,5287.0
27,116.0
27,5302.0
27,2663.0
27,672.5
27,2130.3333
27,2118.5
27,2184.6667
27,50.0
27,1461.0
27,2674.0
27,1273.0
27,80.0
27,2183.0
27,152.66667
27,1147.0
27,1462.0
27,1818.0
27,2136.0
27,1131.0
27,2140.0
27,44.5
27,463.33334
27,1109.3334
27,61.0
27,1159.5
27,634.5
27,81.0
27,146.66667
27,678.5
27,2219.0
27,2738.0
27,4215.0
27,0.0
28,522.2
28,1435.75
28,70.0
28,5288.0
28,2737.5
28,5281.0
28,662.5
28,603.5
28,5291.0
28,979.6
28,670.5
28,2684.5
28,2104.5
28,1062.5
28,1807.0
28,1130.0
28,0.0
28,2106.0
28,661.0
28,3727.5
28,1132.0
28,1134.0
28,61.0
28,45.999992
28,2682.0
28,3165.5
28,2692.0
28,1847.0
28,2686.0
28,2174.5
28,68.0
28,2743.5
28,463.0
28,4271.0
28,5292.0
28,1853.6666
28,140.66666
28,781.0
28,2171.5
28,1137.0
28,2679.0
28,3221.5
28,4154.5
28,1130.0
28,171.0
28,2112.0
28,1138.0
28,1868.6665
28,1611.0
28,3193.0
28,62.999996
29,2788.6667
29,134.5
29,289.8
29,2227.5
29,4156.0
29,2681.5
29,773.3333
29,5281.0
29,5287.0
29,677.5
29,3652.5
29,1639.5
29,3208.5
29,1477.0
29,1144.0
29,1428.0
29,183.00002
29,5292.0
29,46.000004
29,2163.0
29,1484.3334
29,438.66666
29,1142.0
29,55.0
29,1115.0
29,461.33334
29,2647.5
29,75.0
29,756.6667
29,1827.6666
29,127.50001
29,771.3333
29,1670.0
29,2645.0
29,1197.0
29,5281.0
29,5301.0
29,2538.6667
29,4162.0
29,60.0
29,843.0
29,5286.0
29,728.6667
29,101.0
29,98.00002
29,1432.6666
29,4802.5
29,5292.0
29,4143.0
29,16.0
29,0.0
30,139.66667
30,1744.5714
30,2669.0
30,2137.3333
30,632.0
30,1131.0
30,4155.0
30,4162.0
30,5212.0
30,4154.0
30,2170.0
30,2240.6667
30,3161.5
30,3147.0
30,1652.5
30,585.75
30,1494.6666
30,5297.0
30,1131.0
30,1107.5
30,70.0
30,1167.0
30,641.0
30,2894.6667
30,648.5
30,772.0
30,2644.5
30,150.0
30,93.0
30,0.0
30,2742.5
30,2155.0
30,1132.5
30,628.5
30,2743.5
30,66.50001
30,1143.0
30,5290.0
30,2749.0
30,5296.0
30,5287.0
30,2697.5
30,182.5
30,2736.5
30,5302.0
30,1972.2499
30,5287.0
30,58.500004
30,2170.5
30,5292.0
30,1700.0
31,2737.0
31,2675.5
31,601.5
31,1135.0
31,2681.5
31,1115.5
31,1177.5
31,2666.0
31,605.75
31,5302.0
31,2448.0
31,2141.5
31,55.000008
31,1135.0
31,1089.0
31,112.00003
31,3241.0
31,0.0
31,2113.5
31,663.5
31,1163.0
31,426.75
31,454.0
31,1125.0
31,53.0
31,4164.0
31,1815.6666
31,4765.0
31,4149.0
31,2678.5
31,76.0
31,120.00001
31,2677.0
31,1685.0
31,65.0
31,5291.0
31,480.66666
31,656.5
31,1553.9999
31,531.7999
31,4171.0
31,1674.5
31,2087.0
31,2669.5
31,106.0
31,5289.0
31,3723.0
31,2742.5
31,1124.0
31,4141.0
31,0.0
32,3203.3333
32,2171.0
32,396.0
32,4173.0
32,665.0
32,596.5
32,2672.0
32,5287.0
32,2184.0
32,597.0
32,5286.0
32,2684.0
32,5298.0
32,117.5
32,2744.0
32,1488.3334
32,33.0
32,3143.5
32,1841.3334
32,2183.5
32,2067.5
32,625.5
32,1125.0
32,2672.5
32,5297.0
32,1135.0
32,4149.0
32,5302.0
32,4288.0
32,366.0
32,1466.6666
32,1473.0
32,1140.0
32,45.999992
32,1851.6666
32,1467.6666
32,151.50002
32,5291.0
32,1851.6666
32,155.25
32,1139.0
32,2737.5
32,1126.0
32,1823.6666
32,4147.0
32,2186.0
32,1934.7499
32,1854.6666
32,5288.0
32,0.0
32,0.0
33,1425.0
33,3738.5
33,5292.0
33,2157.0
33,316.25
33,0.0
33,5293.0
33,604.5
33,1788.0
33,2670.5
33,2742.0
33,80.0
33,0.0
33,1899.3334
33,2746.5
33,5283.0
33,656.5
33,2155.0
33,1115.0
33,3194.0
33,2116.5
33,1472.6666
33,75.0
33,1878.6666
33,2159.0
33,2676.0
33,662.5
33,5288.0
33,4144.0
33,80.0
33,1154.0
33,472.66666
33,1888.3334
33,2687.0
33,1150.0
33,5282.0
33,171.0
33,1134.0
33,3188.0
33,3662.5
33,2747.0
33,80.0
33,1811.3334
33,1157.6666
33,2734.5
33,1135.0
33,2594.3333
33,3224.0
33,119.5
33,2171.5
33,187.5
34,1688.0
34,1468.3334
34,5282.0
34,1135.0
34,3175.0
34,602.0
34,115.5
34,1119.0
34,4658.5
34,668.5
34,5292.0
34,1620.75
34,2239.0
34,2228.6667
34,60.0
34,2747.0
34,2163.3333
34,186.50002
34,5282.0
34,1150.0
34,688.0
34,1626.5
34,1161.0
34,4154.0
34,4134.0
34,3234.0
34,1145.0
34,1127.5
34,85.99999
34,0.0
34,117.00001
34,0.0
34,2706.0
34,1811.6666
34,165.0
34,465.66666
34,2735.0
34,1676.2499
34,1120.0
34,4140.0
34,140.5
34,1114.0
34,2684.0
34,1895.6666
34,5297.0
34,798.6667
34,659.0
34,861.6667
34,0.0
34,2199.0
34,62.0
35,2457.25
35,5297.0
35,5283.0
35,619.5
35,2144.5
35,5282.0
35,1461.3334
35,76.0
35,458.33334
35,1137.0
35,65.0
35,5292.0
35,4142.0
35,1112.6666
35,1655.5
35,2171.5
35,1125.0
35,2239.0
35,2155.0
35,605.75
35,190.50002
35,60.0
35,658.0
35,120.5
35,1870.0
35,5291.0
35,2675.5
35,2194.6667
35,2680.0
35,616.5
35,1139.0
35,1200.0
35,2749.0
35,4161.0
35,0.0
35,1162.0
35,662.0
35,5288.0
35,560.0
35,2662.5
35,1163.75
35,2179.0
35,153.33333
35,1814.6666
35,5293.0
35,5293.0
35,901.5
35,1639.0
35,1859.6666
35,186.0
35,0.0
36,4712.5
36,5308.0
36,5306.0
36,1139.0
36,2166.0
36,5287.0
36,1382.4
36,2126.6667
36,5298.0
36,582.0
36,1180.0
36,1131.0
36,5287.0
36,149.66667
36,4140.0
36,176.50002
36,162.75
36,778.6667
36,596.5
36,1130.0
36,1135.6666
36,2669.5
36,794.3333
36,616.5
36,1466.6666
36,2170.0
36,904.5
36,115.0
36,2677.0
36,5301.0
36,2570.0
36,1851.6666
36,3730.5
36,5292.0
36,175.0
36,0.0
36,2726.0
36,4145.0
36,874.6667
36,889.0
36,4147.0
36,5283.0
36,1126.0
36,5289.0
36,2562.0
36,99.0
36,1150.0
36,505.0
36,1682.0
36,1142.0
36,0.0
37,5297.5
37,215.0
37,465.66666
37,4152.0
37,2173.0
37,98.000015
37,1131.0
37,2067.5
37,1139.0
37,2106.0
37,5282.0
37,2742.0
37,1135.0
37,673.5
37,1132.0
37,4159.0
37,1777.6666
37,2677.5
37,178.5
37,789.3333
37,615.0
37,77.0
37,2654.5
37,1846.0
37,1472.3334
37,679.0
37,177.0
37,5299.0
37,2680.5
37,1848.3334
37,1149.0
37,3554.3333
37,5283.0
37,1894.3334
37,1420.75
37,5293.0
37,2177.0
37,916.4
37,661.0
37,55.0
37,2119.5
37,1852.6666
37,2691.5
37,2685.0
37,5296.0
37,417.33334
37,1131.0
37,1783.2
37,664.0
37,1137.0
37,1109.0
38,3166.0
38,2748.5
38,2155.0
38,4801.0
38,5288.0
38,2138.0
38,2130.0
38,62.999996
38,1846.3334
38,440.0
38,1813.3334
38,1471.5
38,5288.0
38,2174.0
38,2675.0
38,2749.0
38,2672.0
38,5303.0
38,2738.0
38,4160.0
38,2105.5
38,1125.0
38,1511.0
38,1471.3334
38,1488.6666
38,2749.5
38,1141.0
38,2872.0
38,2686.5
38,1849.3334
38,1475.3334
38,512.6667
38,2730.5
38,171.5
38,167.0
38,152.50002
38,122.50001
38,1130.0
38,5291.0
38,1649.5
38,2681.5
38,2740.0
38,5292.0
38,2682.5
38,2737.5
38,74.00001
38,1140.0
38,2172.0
38,5297.0
38,3222.0
38,1104.25
39,2381.4
39,4144.0
39,664.3333
39,2646.5
39,1137.0
39,5288.0
39,170.0
39,5282.0
39,1179.0
39,0.0
39,2680.0
39,4738.0
39,129.5
39,1128.0
39,631.0
39,1128.0
39,1645.0
39,2679.0
39,1472.6666
39,5292.0
39,5278.0
39,1141.0
39,2675.0
39,5297.0
39,774.0
39,1125.5
39,171.0
39,1131.0
39,177.66664
39,1143.5
39,1731.5
39,5295.0
39,5287.0
39,176.0
39,794.3333
39,1461.75
39,4164.0
39,1139.0
39,1806.6666
39,2216.6667
39,1140.0
39,103.66668
39,1891.0
39,499.66666
39,1895.0
39,2172.0
39,2111.0
39,2108.5
39,2669.5
39,107.66668
39,0.0
40,2671.5
40,2741.5
40,597.5
40,443.0
40,5283.0
40,1893.6666
40,1126.0
40,1131.0
40,1873.3334
40,2683.0
40,1419.6666
40,1120.0
40,2169.3333
40,600.0
40,4150.0
40,182.66663
40,2677.5
40,2679.0
40,4161.0
40,4154.0
40,422.33334
40,1141.0
40,663.0
40,5298.0
40,5296.0
40,2495.0
40,4147.0
40,1131.0
40,1848.0
40,5297.0
40,1125.0
40,2737.5
40,5296.0
40,751.6
40,467.33334
40,1856.3334
40,5288.0
40,2672.5
40,5297.0
40,104.66668
40,2105.0
40,623.5
40,1143.5
40,2680.5
40,1132.0
40,2109.5
40,1167.0
40,189.5
40,808.6667
40,5288.0
40,191.0
41,3213.5
41,1651.5
41,599.0
41,666.0
41,1134.0
41,5286.0
41,1621.5
41,784.6667
41,2683.0
41,656.0
41,5297.0
41,5284.0
41,1510.6666
41,5301.0
41,5294.0
41,1151.0
41,474.0
41,74.00001
41,398.66666
41,2742.0
41,113.0
41,1894.5
41,1430.0
41,5291.0
41,2729.0
41,1435.6666
41,5282.0
41,5286.0
41,5308.0
41,1138.5
41,163.5
41,5278.0
41,5289.0
41,2744.5
41,665.5
41,4156.0
41,2109.5
41,2117.5
41,1508.3334
41,5293.0
41,5291.0
41,609.5
41,956.6
41,4145.0
41,2827.0
41,137.0
41,4164.0
41,5287.0
41,1166.0
41,1398.5
41,147.50003
42,2932.5
42,3552.3333
42,600.5
42,1130.0
42,669.0
42,1136.0
42,157.33333
42,2873.0
42,1108.0
42,416.0
42,630.25
42,5298.0
42,5287.0
42,2172.0
42,5283.0
42,1135.0
42,2092.5
42,62.0
42,5289.0
42,1189.3334
42,2745.0
42,2739.0
42,598.5
42,1544.6666
42,1113.6666
42,1136.0
42,633.5
42,5297.0
42,2176.6667
42,337.19998
42,4149.0
42,4144.0
42,2116.5
42,0.0
42,690.0
42,1131.0
42,4155.0
42,5297.0
42,1851.3334
42,764.3333
42,181.0
42,132.5
42,2686.0
42,2108.5
42,0.0
42,1396.0
42,172.0
42,1106.0
42,4150.0
42,2735.5
42,4335.0
43,1506.0
43,1915.0
43,732.6667
43,5281.0
43,2173.0
43,1142.0
43,4139.0
43,790.0
43,217.0
43,1117.0
43,2164.3333
43,2728.0
43,1129.0
43,509.33334
43,1162.0
43,64.0
43,1350.0
43,5287.0
43,0.0
43,5287.0
43,1130.0
43,1472.6666
43,2118.5
43,4156.0
43,2138.0
43,363.25
43,1123.0
43,1451.0
43,2100.5
43,5297.0
43,141.5
43,1537.0
43,128.0
43,2105.5
43,609.5
43,2103.0
43,5299.0
43,442.0
43,5286.0
43,3154.5
43,2661.5
43,2684.0
43,2746.0
43,0.0
43,1121.0
43,65.0
43,1422.0
43,64.500015
43,1846.3334
43,2742.5
43,1133.5
44,72.5
44,5297.0
44,1847.3334
44,182.0
44,1652.0
44,1845.3334
44,668.0
44,151.0
44,5296.0
44,2742.5
44,109.666664
44,57.0
44,665.0
44,2740.0
44,5278.0
44,2513.6667
44,0.0
44,5279.0
44,5288.0
44,2177.0
44,2741.0
44,1512.6666
44,5296.0
44,2736.0
44,2167.0
44,1795.3334
44,176.0
44,2653.0
44,469.66666
44,4240.0
44,652.5
44,1403.2499
44,1200.0
44,1134.0
44,5287.0
44,2678.0
44,869.0
44,2432.3333
44,69.00001
44,5292.0
44,2112.0
44,1894.3334
44,2129.6667
44,4143.0
44,1468.3334
44,2239.0
44,5296.0
44,2737.5
44,1677.0
44,1466.6666
44,2152.0
45,3213.3333
45,1136.0
45,5288.0
45,75.0
45,0.0
45,1159.3334
45,5296.0
45,5282.0
45,1893.0
45,2741.0
45,1512.6666
45,1140.0
45,5281.0
45,323.99997
45,2494.6667
45,2116.5
45,173.00002
45,1847.6666
45,173.0
45,2148.0
45,135.5
45,1891.0
45,2168.0
45,5292.0
45,5282.0
45,56.0
45,2739.0
45,5297.0
45,5301.0
45,1516.3334
45,63.000004
45,5288.0
45,5296.0
45,670.5
45,1892.0
45,2104.0
45,66.0
45,1919.75
45,2514.0
45,795.6667
45,702.0
45,61.0
45,5292.0
45,2178.75
45,1680.75
45,2091.5
45,2677.5
45,2677.0
45,5284.0
45,5283.0
45,1155.0
46,788.3333
46,2677.0
46,4220.0
46,5287.0
46,657.5
46,1131.0
46,51.499996
46,1850.0
46,1892.6666
46,1132.0
46,785.0
46,4146.0
46,2682.0
46,1126.0
46,1210.0
46,1889.75
46,1464.3334
46,1801.6666
46,2740.0
46,2171.5
46,1485.0
46,1656.0
46,660.5
46,1137.0
46,75.0
46,145.66667
46,5286.0
46,2739.5
46,57.999996
46,1818.6666
46,128.5
46,2514.6667
46,5312.0
46,5296.0
46,50.0
46,2118.3333
46,145.0
46,1464.6666
46,1479.0
46,661.0
46,1851.3334
46,658.0
46,5293.0
46,5301.0
46,848.0
46,52.0
46,2677.5
46,1857.3334
46,4230.5
46,2674.5
46,187.0
47,5293.5
47,398.5
47,1363.5
47,103.000015
47,2682.0
47,1469.0
47,4145.0
47,1139.0
47,2161.3333
47,5287.0
47,2690.0
47,5303.0
47,1185.0
47,613.5
47,4185.0
47,1463.0
47,429.0
47,4150.0
47,1158.0
47,1523.4
47,1868.3334
47,2169.0
47,424.75
47,2678.5
47,85.0
47,772.3333
47,1926.8
47,1135.0
47,1145.0
47,5274.0
47,2169.0
47,2155.0
47,2129.0
47,1133.0
47,170.0
47,5279.0
47,2127.0
47,5278.0
47,1849.3334
47,5293.0
47,1799.6666
47,90.0
47,1126.0
47,5298.0
47,2742.5
47,114.00002
47,1120.0
47,2743.5
47,2112.5
47,68.0
47,62.0
48,3179.6667
48,2409.5
48,2675.0
48,1122.0
48,2728.5
48,1841.3334
48,193.66667
48,2713.5
48,5294.0
48,177.33333
48,2168.0
48,457.0
48,761.6667
48,2152.0
48,1904.0
48,5297.0
48,82.0
48,609.5
48,67.00001
48,2752.0
48,827.6667
48,2155.0
48,3223.5
48,2112.5
48,503.66666
48,5293.0
48,1122.0
48,1622.5
48,1140.0
48,2230.5
48,596.5
48,80.0
48,2677.0
48,79.00001
48,5293.0
48,1889.6666
48,751.8
48,677.0
48,2742.0
48,5289.0
48,2740.5
48,1124.0
48,75.0
48,4163.0
48,186.0
48,62.500004
48,130.5
48,5279.0
48,5301.0
48,2601.5
48,172.0
49,2121.25
49,536.8
49,2155.0
49,2160.5
49,1511.3334
49,1465.6666
49,1137.0
49,1135.0
49,671.5
49,2699.5
49,5287.0
49,2684.0
49,2677.0
49,1459.6666
49,2690.0
49,2111.0
49,3717.0
49,1146.0
49,76.0
49,5291.0
49,657.0
49,770.3333
49,626.5
49,5292.0
49,677.0
49,2686.0
49,4161.0
49,2744.0
49,5288.0
49,2155.0
49,188.0
49,804.0
49,2744.5
49,2123.0
49,1068.6666
49,2721.0
49,471.33334
49,4234.5
49,66.66668
49,1140.0
49,2746.5
49,1894.3334
49,2138.3333
49,669.0
49,2114.0
49,2738.5
49,5307.0
49,2740.5
49,5287.0
49,128.50002
49,67.0
50,653.5
50,623.5
50,1851.6666
50,916.0
50,5288.0
50,2678.5
50,1805.6666
50,2679.0
50,1471.0
50,1135.0
50,190.0
50,5281.0
50,143.5
50,633.5
50,583.0
50,660.0
50,2210.0
50,85.0
50,1427.6666
50,1125.0
50,2104.0
50,5287.0
50,2672.0
50,1433.0
50,5289.0
50,2161.0
50,1130.0
50,1397.25
50,2102.0
50,1841.6666
50,5291.0
50,602.0
50,5297.0
50,1664.0
50,5295.0
50,1437.9999
50,1149.0
50,2743.0
50,90.0
50,1125.0
50,672.5
50,5291.0
50,2150.0
50,1140.0
50,796.3333
50,1131.0
50,59.00001
50,1857.3334
50,2676.0
50,790.6
50,0.0
51,5284.5
51,601.5
51,667.0
51,3716.5
51,1812.3334
51,666.0
51,2736.5
51,1780.6666
51,185.5
51,4146.0
51,5311.0
51,2738.0
51,2732.5
51,2671.5
51,5277.0
51,148.0
51,129.0
51,5285.0
51,609.5
51,662.5
51,5272.0
51,666.5
51,1806.3334
51,3222.0
51,4144.0
51,1144.0
51,1692.75
51,1886.0
51,1471.3334
51,1135.0
51,182.0
51,5292.0
51,2750.0
51,589.0
51,661.0
51,5301.0
51,833.5
51,2165.0
51,665.5
51,2747.5
51,1472.6666
51,1472.6666
51,2111.0
51,4155.0
51,1855.6666
51,2686.0
51,2739.5
51,2883.3333
51,1119.0
51,134.5
51,62.0
52,3222.0
52,2740.5
52,4154.0
52,887.5
52,1107.6666
52,1141.0
52,5292.0
52,2135.0
52,606.5
52,2175.0
52,1125.0
52,4150.0
52,602.5
52,2518.6667
52,5287.0
52,1119.3334
52,2747.0
52,5292.0
52,658.0
52,4167.0
52,887.25
52,1140.0
52,1464.6666
52,2684.0
52,5292.0
52,1560.2
52,1853.0
52,2155.0
52,190.0
52,168.5
52,5293.0
52,469.0
52,4198.0
52,674.5
52,2123.0
52,5293.0
52,664.0
52,80.00001
52,60.0
52,1536.6
52,2683.0
52,2743.5
52,1130.0
52,124.00001
52,3721.0
52,1426.6666
52,662.5
52,135.0
52,812.6667
52,187.5
52,2171.0
53,2115.5
53,405.66666
53,1130.0
53,1668.5
53,5296.0
53,2679.5
53,2175.25
53,2682.5
53,129.0
53,1171.5
53,5283.0
53,480.0
53,5294.0
53,2111.0
53,148.0
53,1659.5
53,2114.0
53,4152.0
53,4156.0
53,1158.6
53,2171.5
53,1437.6666
53,1135.0
53,137.00002
53,5299.0
53,2677.5
53,5292.0
53,57.999996
53,467.33334
53,2682.5
53,1136.0
53,3149.5
53,2672.5
53,1510.3334
53,5281.0
53,934.8
53,2111.5
53,877.75
53,2685.5
53,3224.3333
53,5292.0
53,2663.5
53,1138.0
53,5288.0
53,5297.0
53,1131.0
53,595.0
53,1130.0
53,74.500015
53,662.5
53,0.0
54,728.6667
54,2739.5
54,5293.0
54,2679.0
54,1141.0
54,666.5
54,2743.5
54,5292.0
54,5291.0
54,1181.25
54,770.6667
54,2688.0
54,5300.0
54,1511.3334
54,601.0
54,1165.0
54,2729.0
54,1850.6666
54,1466.0
54,1156.0
54,2140.5
54,5299.0
54,5271.0
54,738.1429
54,1655.9999
54,5290.0
54,5286.0
54,4153.0
54,2743.0
54,5298.0
54,201.0
54,1154.0
54,87.50001
54,560.0
54,5292.0
54,1062.5
54,4159.0
54,599.5
54,5289.0
54,1166.0
54,2736.0
54,1857.6666
54,3155.0
54,318.25
54,2105.0
54,55.0
54,5299.0
54,3275.0
54,4141.0
54,2166.0
54,0.0
55,1787.0
55,458.0
55,1187.8
55,5291.0
55,598.0
55,2678.5
55,1646.5
55,5288.0
55,1870.25
55,2749.0
55,170.0
55,5288.0
55,5293.0
55,630.0
55,2742.5
55,2749.5
55,65.0
55,499.33334
55,2175.5
55,600.5
55,2693.0
55,2741.5
55,99.00001
55,5277.0
55,1855.6666
55,5294.0
55,2683.0
55,5286.0
55,3740.5
55,1831.6666
55,59.0
55,671.5
55,61.0
55,670.0
55,1887.0
55,610.0
55,508.66663
55,4149.0
55,2677.5
55,1428.0
55,457.33334
55,5292.0
55,2115.5
55,1062.5
55,5286.0
55,4161.0
55,2679.5
55,2067.5
55,2669.5
55,663.5
55,0.0
56,2540.3333
56,5297.0
56,2878.3333
56,666.0
56,84.00001
56,4257.0
56,4139.0
56,1141.0
56,631.0
56,81.0
56,2103.5
56,674.0
56,1121.0
56,1634.0
56,2171.5
56,2116.5
56,1851.0
56,4144.0
56,2173.0
56,100.66668
56,2682.5
56,4151.0
56,623.5
56,5299.0
56,4139.0
56,1144.0
56,183.5
56,1155.6666
56,5286.0
56,165.0
56,2101.0
56,1131.0
56,1150.0
56,2104.5
56,1418.0
56,5294.0
56,128.99998
56,426.33334
56,2178.0
56,1929.0
56,501.66666
56,71.0
56,1133.0
56,2679.0
56,1351.2
56,2682.0
56,2741.0
56,4729.0
56,2673.0
56,2118.5
56,0.0
57,3173.0
57,2119.3333
57,1893.6666
57,2743.5
57,1136.0
57,1130.5
57,5291.0
57,5293.0
57,1062.5
57,2738.5
57,2743.5
57,2509.3333
57,1140.0
57,2732.5
57,2681.5
57,1503.0
57,1127.0
57,134.5
57,55.0
57,4145.0
57,156.33333
57,600.5
57,5302.0
57,2220.25
57,2684.0
57,1139.0
57,2740.0
57,664.0
57,1125.0
57,1130.0
57,56.0
57,1445.6666
57,5286.0
57,2688.5
57,672.0
57,70.0
57,165.0
57,1504.6666
57,5287.0
57,2744.5
57,1810.3334
57,5296.0
57,1638.5
57,678.5
57,2161.0
57,1141.0
57,1409.5
57,471.66666
57,660.0
57,5294.0
57,0.0
58,3172.3333
58,509.33334
58,640.5
58,2739.0
58,4185.0
58,1132.0
58,5293.0
58,427.33334
58,575.5
58,1143.0
58,1694.0
58,5287.0
58,2139.0
58,1135.0
58,2110.0
58,4142.0
58,4162.0
58,2680.5
58,4146.0
58,5298.0
58,1123.0
58,4153.0
58,2097.0
58,2682.0
58,760.6667
58,182.99998
58,176.0
58,597.5
58,182.0
58,2681.0
58,316.00003
58,861.5714
58,4150.0
58,2207.0
58,1639.5
58,1809.3334
58,2470.3333
58,5288.0
58,140.0
58,1152.75
58,1843.0
58,2844.3333
58,1125.0
58,2685.5
58,5307.0
58,5289.0
58,152.75
58,2752.0
58,140.0
58,5301.0
58,132.5
59,2513.0
59,2679.0
59,5292.0
59,1893.0
59,2736.0
59,666.5
59,1137.0
59,4145.0
59,2677.0
59,2175.5
59,5273.0
59,1130.0
59,587.0
59,594.5
59,1144.0
59,4154.0
59,1428.0
59,1106.6666
59,657.0
59,3228.5
59,2507.3333
59,97.5
59,4149.0
59,2166.0
59,1893.3334
59,2681.5
59,2108.5
59,2686.0
59,5302.0
59,56.0
59,1129.0
59,1419.75
59,126.5
59,1509.6666
59,182.0
59,2107.5
59,1173.5
59,76.0
59,1127.3334
59,1128.0
59,1130.0
59,2683.5
59,502.66666
59,2682.5
59,5297.0
59,124.00001
59,1138.0
59,1366.5
59,61.0
59,2176.6667
59,461.66666
60,2152.2
60,1203.25
60,3170.0
60,604.0
60,1132.0
60,1139.0
60,1672.0
60,5297.0
60,606.0
60,1136.0
60,628.5
60,663.5
60,1423.6666
60,3221.6667
60,5292.0
60,1065.3334
60,600.5
60,84.50001
60,628.0
60,2172.0
60,5282.0
60,53.666676
60,1144.0
60,2748.0
60,1134.0
60,2729.5
60,2738.5
60,2684.5
60,165.0
60,42.0
60,65.0
60,4145.0
60,1125.0
60,1944.25
60,5287.0
60,1132.0
60,675.0
60,195.0
60,146.24997
60,2166.0
60,1631.5
60,2175.6667
60,5301.0
60,2691.0
60,50.0
60,185.0
60,2737.5
60,560.0
60,1176.0
60,5287.0
60,189.00002
61,1824.0
61,2162.3333
61,5288.0
61,1895.6666
61,5297.0
61,5288.0
61,111.333336
61,1062.5
61,1538.3334
61,1377.5
61,662.5
61,653.0
61,5296.0
61,1850.6666
61,2668.0
61,5282.0
61,5298.0
61,5293.0
61,931.8
61,1852.3334
61,5302.0
61,598.0
61,187.0
61,2679.5
61,1141.0
61,5293.0
61,2676.5
61,1810.0
61,2213.0
61,2756.5
61,1131.0
61,73.0
61,4150.0
61,80.0
61,4161.0
61,184.0
61,508.33334
61,504.33334
61,1142.0
61,2110.0
61,2686.5
61,2189.0
61,4149.0
61,2737.5
61,391.74997
61,5283.0
61,2173.5
61,1889.3334
61,2671.0
61,1134.0
61,0.0
62,1830.3334
62,5287.0
62,2845.6667
62,425.75
62,1124.0
62,1433.3334
62,103.000015
62,5294.0
62,1847.3334
62,1892.25
62,2747.0
62,1410.5
62,592.5
62,5288.0
62,595.5
62,2675.0
62,5291.0
62,56.0
62,1889.6666
62,1125.0
62,5292.0
62,598.5
62,2673.5
62,3229.0
62,4151.0
62,656.0
62,5296.0
62,4160.0
62,191.0
62,5297.0
62,5292.0
62,71.0
62,1482.0
62,2675.5
62,1134.0
62,5278.0
62,2162.6667
62,1849.0
62,2744.5
62,2747.0
62,1884.0
62,157.0
62,5292.0
62,1129.0
62,1125.0
62,77.0
62,508.66666
62,2735.5
62,166.24998
62,1701.0
62,192.0
63,5290.0
63,61.0
63,104.000015
63,1140.0
63,334.8
63,2881.3333
63,659.5
63,2678.0
63,2113.5
63,5292.0
63,5291.0
63,3215.3333
63,2103.0
63,1130.0
63,427.66666
63,193.5
63,1436.75
63,2841.3333
63,1141.0
63,1151.0
63,3178.3333
63,801.0
63,1849.0
63,601.5
63,1129.0
63,2173.5
63,4165.0
63,671.5
63,832.0
63,118.5
63,193.0
63,5297.0
63,5287.0
63,1125.0
63,1882.3334
63,1435.0
63,1131.0
63,4159.0
63,467.66666
63,679.5
63,2741.5
63,5302.0
63,192.0
63,361.5
63,5307.0
63,5292.0
63,1844.0
63,2737.0
63,1469.3334
63,5283.0
63,2144.0
64,1431.0
64,2104.5
64,1126.0
64,4145.0
64,5292.0
64,2876.0
64,2092.5
64,1438.25
64,5295.0
64,506.66666
64,662.0
64,510.0
64,4155.0
64,5286.0
64,4155.0
64,5286.0
64,2745.0
64,1854.6666
64,1136.0
64,1472.3334
64,2681.5
64,2685.0
64,1812.3334
64,1831.6666
64,2610.5
64,2172.5
64,589.0
64,517.3333
64,5287.0
64,423.75
64,1473.6666
64,2744.0
64,5281.0
64,1150.0
64,5300.0
64,5301.0
64,2743.0
64,5297.0
64,2740.5
64,430.66666
64,101.000015
64,1062.5
64,5287.0
64,5289.0
64,2680.0
64,1894.3334
64,1163.2
64,5287.0
64,2171.5
64,5283.0
64,196.0
65,3555.0
65,105.00001
65,2735.0
65,5299.0
65,5281.0
65,2430.25
65,506.66666
65,598.0
65,1229.0
65,670.5
65,185.0
65,2143.0
65,4146.0
65,1148.5
65,5289.0
65,1125.0
65,1850.6666
65,5234.5
65,1854.6666
65,1150.0
65,2743.5
65,4146.0
65,1891.3334
65,165.0
65,893.25
65,637.5
65,1332.8
65,4146.0
65,5286.0
65,2690.5
65,178.5
65,1131.0
65,5297.0
65,4149.0
65,5301.0
65,3222.5
65,2166.0
65,1126.0
65,181.0
65,2682.5
65,2745.5
65,1118.5
65,165.0
65,2115.0
65,66.50001
65,2491.6667
65,808.0
65,2108.5
65,560.0
65,1408.25
65,205.99998
66,464.0
66,185.0
66,762.3333
66,4161.0
66,1174.5
66,2103.5
66,161.5
66,1141.0
66,4137.0
66,891.0
66,579.5
66,5302.0
66,1144.0
66,640.0
66,602.0
66,1847.0
66,436.33334
66,2111.5
66,1130.0
66,3730.5
66,2112.5
66,1131.0
66,3180.0
66,4166.0
66,150.0
66,3727.5
66,660.0
66,2115.5
66,1457.0
66,2673.0
66,477.33334
66,1141.0
66,2744.5
66,2160.5
66,107.000015
66,659.5
66,1744.0
66,2732.5
66,1810.3334
66,2107.0
66,2110.0
66,1469.0
66,2675.5
66,665.0
66,2682.0
66,5292.0
66,624.5
66,60.0
66,1134.0
66,3668.5
66,85.0
67,3549.0
67,5296.0
67,2923.25
67,2684.0
67,2170.0
67,5282.0
67,5281.0
67,431.66666
67,5284.0
67,1651.5
67,2739.5
67,598.5
67,2667.5
67,596.5
67,2730.0
67,605.5
67,0.0
67,693.0
67,659.5
67,664.5
67,359.25
67,4156.0
67,1524.0
67,2830.3333
67,413.25
67,129.0
67,2175.0
67,596.5
67,1890.6666
67,5296.0
67,1850.0
67,120.0
67,5302.0
67,4165.0
67,5291.0
67,1893.3334
67,2175.0
67,1177.5
67,1565.0
67,2185.5
67,5287.0
67,5289.0
67,1149.0
67,112.00003
67,5287.0
67,134.99998
67,124.5
67,392.74997
67,1182.5
67,1134.0
67,594.5
68,3875.6667
68,2175.0
68,1474.6666
68,5287.0
68,1135.0
68,2736.5
68,1129.0
68,505.66666
68,2169.0
68,1475.6666
68,4142.0
68,2665.0
68,1646.5
68,2746.5
68,5281.0
68,1146.0
68,1173.0
68,5298.0
68,1150.75
68,5291.0
68,133.0
68,4152.0
68,1872.3334
68,2741.5
68,62.0
68,1848.6666
68,173.5
68,1171.5
68,1848.3334
68,318.0
68,2682.5
68,177.0
68,2661.0
68,560.0
68,471.0
68,60.0
68,1135.0
68,1856.3334
68,1130.0
68,2187.6667
68,1855.6666
68,4154.0
68,5283.0
68,3720.0
68,1107.6666
68,1146.0
68,2682.5
68,2673.5
68,1438.0
68,4145.0
68,0.0
69,2673.5
69,961.5714
69,5283.0
69,2174.5
69,1152.0
69,2177.5
69,2677.5
69,41.0
69,5297.0
69,643.0
69,1565.0
69,2688.0
69,1141.0
69,1138.25
69,2850.3333
69,5278.0
69,504.33334
69,5297.0
69,1479.0
69,1148.0
69,62.0
69,5293.0
69,1842.6666
69,1153.3334
69,2739.0
69,1176.0
69,2734.0
69,4147.0
69,670.5
69,110.5
69,5287.0
69,5281.0
69,1132.0
69,1130.0
69,5293.0
69,654.0
69,5293.0
69,2179.0
69,1806.6666
69,1736.0
69,4151.0
69,343.0
69,4151.0
69,671.0
69,1646.5
69,179.5
69,1472.0
69,1139.0
69,100.0
69,5297.0
69,109.33334
70,2641.0
70,668.0
70,190.0
70,3219.5
70,1129.0
70,597.5
70,1483.6666
70,5286.0
70,1429.3334
70,603.5
70,650.0
70,175.0
70,141.33333
70,905.6
70,1129.0
70,603.5
70,2546.0
70,1154.0
70,3180.3333
70,2683.0
70,5289.0
70,1152.0
70,4141.0
70,2749.5
70,796.0
70,190.0
70,2111.5
70,1131.0
70,1648.5
70,45.5
70,156.0
70,1845.3334
70,2740.0
70,2165.0
70,1132.0
70,71.0
70,188.5
70,3499.3333
70,2680.0
70,1890.6666
70,10.0
70,661.5
70,1810.0
70,5307.0
70,5283.0
70,1149.0
70,2114.5
70,80.0
70,623.5
70,167.0
70,0.0
71,3215.5
71,2488.0
71,2689.5
71,5293.0
71,1827.6666
71,2111.5
71,1395.5
71,2746.5
71,658.5
71,108.5
71,1112.25
71,4151.0
71,663.5
71,2673.5
71,2743.0
71,1129.0
71,1468.6666
71,666.0
71,123.0
71,5285.0
71,2708.5
71,2740.5
71,1469.3334
71,2739.5
71,1888.0
71,1149.75
71,1508.3334
71,598.5
71,2674.0
71,377.75
71,2744.5
71,181.50002
71,1936.25
71,150.0
71,2730.5
71,5292.0
71,4144.0
71,4149.0
71,81.0
71,4154.0
71,2678.0
71,5278.0
71,5294.0
71,2740.0
71,150.0
71,2736.5
71,5287.0
71,4159.0
71,2477.0
71,4155.0
71,3164.0
72,3210.0
72,611.5
72,195.0
72,5278.0
72,1137.0
72,5288.0
72,462.33334
72,2437.75
72,5280.0
72,2170.5
72,5297.0
72,614.0
72,3179.3333
72,1897.0
72,1426.0
72,654.5
72,5286.0
72,1450.4286
72,1185.0
72,5306.0
72,2737.0
72,1062.5
72,1812.6666
72,161.0
72,2160.0
72,1140.0
72,4151.0
72,666.0
72,5288.0
72,1144.0
72,85.500015
72,2680.0
72,2536.6667
72,1883.3334
72,4156.0
72,2109.5
72,1151.0
72,3830.3333
72,65.00001
72,1443.3334
72,57.0
72,759.0
72,808.6667
72,1140.0
72,120.5
72,106.333336
72,105.0
72,2682.5
72,665.5
72,2548.6667
72,185.0
73,1672.75
73,1841.0
73,4130.0
73,2679.5
73,67.0
73,5278.0
73,2110.5
73,661.0
73,2214.6667
73,5286.0
73,819.0
73,1136.5
73,2689.5
73,1463.75
73,5283.0
73,1126.0
73,4134.0
73,2105.5
73,4157.0
73,895.5
73,424.33334
73,4162.0
73,1122.5
73,560.0
73,5287.0
73,2729.0
73,2745.0
73,1891.0
73,349.25
73,179.00002
73,2493.0
73,5292.0
73,788.3333
73,4150.0
73,1565.0
73,1805.3334
73,1166.0
73,1147.5
73,2737.0
73,5292.0
73,5298.0
73,1892.0
73,65.0
73,648.0
73,2675.0
73,5286.0
73,5297.0
73,5297.0
73,4155.0
73,108.0
73,72.0
74,4721.5
74,2684.0
74,657.5
74,5297.0
74,603.0
74,4142.0
74,1644.5
74,605.5
74,5287.0
74,1140.0
74,5292.0
74,5298.0
74,1145.0
74,2704.5
74,2178.0
74,5287.0
74,182.0
74,119.00001
74,1141.0
74,669.5
74,2142.6667
74,670.5
74,116.333336
74,2742.0
74,957.5
74,2170.5
74,1844.6666
74,1164.4
74,1139.0
74,5287.0
74,4146.0
74,899.5
74,4139.0
74,460.0
74,1810.6666
74,4159.0
74,5287.0
74,2680.5
74,175.0
74,2736.0
74,127.0
74,2678.5
74,547.8
74,1150.0
74,464.33334
74,4145.0
74,2680.5
74,5298.0
74,183.33333
74,1141.0
74,66.0
75,2112.0
75,3590.6667
75,1510.6666
75,1115.0
75,5292.0
75,2184.0
75,65.0
75,469.33334
75,2099.0
75,1894.3334
75,1797.6666
75,2677.5
75,4139.0
75,101.999985
75,66.0
75,1886.6666
75,1135.0
75,4149.0
75,1765.6666
75,2224.5
75,1637.25
75,5288.0
75,2833.0
75,5287.0
75,2739.0
75,1206.0
75,640.5
75,1157.0
75,2744.0
75,647.0
75,1464.6666
75,2157.0
75,104.000015
75,4140.0
75,1891.3331
75,193.5
75,190.0
75,5306.0
75,1184.0
75,2710.5
75,5297.0
75,1150.0
75,659.0
75,1940.75
75,1678.0
75,5297.0
75,1859.3334
75,2682.5
75,1481.0
75,614.5
75,133.0
76,1395.5
76,2174.0
76,5291.0
76,663.5
76,606.0
76,2675.0
76,665.0
76,663.5
76,460.66666
76,1120.25
76,1127.0
76,1130.0
76,2675.0
76,3189.0
76,5281.0
76,4149.0
76,2676.0
76,80.0
76,2166.0
76,1962.7499
76,1216.0
76,2679.5
76,1420.2499
76,664.0
76,185.0
76,5283.0
76,2172.3333
76,1146.0
76,2195.0
76,5296.0
76,2120.5
76,5289.0
76,1902.0
76,2140.0
76,1174.0
76,176.0
76,2744.5
76,732.3333
76,149.0
76,2586.0
76,2686.0
76,2170.0
76,2684.5
76,1132.0
76,56.0
76,2687.0
76,2462.0
76,2155.5
76,5287.0
76,2740.0
76,0.0
77,5299.5
77,2885.3333
77,5287.0
77,4145.0
77,4140.0
77,4145.0
77,1102.5
77,2116.0
77,613.0
77,5283.0
77,4150.0
77,2737.5
77,1132.0
77,3552.6667
77,170.0
77,507.0
77,1316.2
77,1126.0
77,181.0
77,5293.0
77,1375.5
77,2114.5
77,1816.0
77,606.0
77,602.0
77,1147.5
77,2104.5
77,1454.0
77,2745.0
77,2116.0
77,4164.0
77,3153.0
77,426.99997
77,165.0
77,63.500004
77,197.0
77,1136.0
77,5297.0
77,4194.0
77,1834.6666
77,189.0
77,61.0
77,1120.25
77,1134.0
77,183.0
77,2677.5
77,2692.0
77,5303.0
77,1845.3334
77,2109.0
77,71.5
78,1843.0
78,1139.5
78,5293.0
78,2129.0
78,596.5
78,5288.0
78,1134.0
78,2169.0
78,5293.0
78,663.0
78,1134.0
78,504.66666
78,5277.0
78,5294.0
78,139.0
78,50.0
78,2684.5
78,1844.0
78,0.0
78,5289.0
78,1897.25
78,348.0
78,2144.25
78,1815.0
78,4152.0
78,2739.0
78,2684.5
78,5292.0
78,1634.0
78,2742.0
78,525.3333
78,2747.0
78,90.0
78,4164.0
78,2743.5
78,1434.9999
78,5293.0
78,1146.0
78,2157.0
78,1142.0
78,458.66666
78,560.0
78,5293.0
78,5302.0
78,4255.5
78,1503.3334
78,1132.0
78,154.66664
78,668.5
78,2110.5
78,0.0
79,1466.3334
79,2744.5
79,2175.3333
79,667.5
79,666.0
79,4146.0
79,673.5
79,1896.0
79,2109.0
79,4155.0
79,2735.5
79,2744.5
79,1137.0
79,5289.0
79,1898.3334
79,5289.0
79,3221.0
79,5291.0
79,1132.0
79,1151.25
79,1399.5
79,4139.0
79,135.0
79,473.33334
79,1141.0
79,2122.5
79,2744.0
79,1144.0
79,1470.6666
79,2874.6667
79,2741.5
79,5281.0
79,2747.0
79,1439.25
79,5283.0
79,115.00001
79,2683.0
79,668.0
79,2733.0
79,59.0
79,2214.0
79,190.0
79,2186.3333
79,2702.5
79,71.0
79,2145.0
79,2736.5
79,1126.0
79,676.5
79,2690.0
79,0.0
80,5301.5
80,653.0
80,2676.0
80,2677.5
80,1892.0
80,2745.0
80,396.25
80,5298.0
80,1428.5
80,2685.5
80,2162.5
80,1135.0
80,802.3333
80,2101.0
80,5289.0
80,60.0
80,150.5
80,664.0
80,1127.0
80,5303.0
80,133.5
80,1130.0
80,113.5
80,2181.6667
80,513.0
80,5296.0
80,467.33334
80,2670.5
80,1351.5
80,5286.0
80,73.0
80,4131.0
80,5302.0
80,4156.0
80,1129.0
80,2103.5
80,2679.5
80,1514.6666
80,1642.75
80,5285.0
80,2174.5
80,1768.2
80,5298.0
80,662.5
80,109.666664
80,1150.0
80,669.0
80,5298.0
80,2681.5
80,2107.0
80,661.0
81,2211.3333
81,1135.0
81,1132.0
81,2730.0
81,2690.0
81,5278.0
81,50.0
81,665.5
81,1472.6666
81,2677.0
81,5283.0
81,5293.0
81,1131.0
81,669.5
81,2738.0
81,2187.5
81,2734.5
81,1438.25
81,2113.0
81,2739.5
81,5276.0
81,169.5
81,93.333336
81,4152.0
81,1830.3334
81,1130.0
81,5282.0
81,2676.5
81,2509.3333
81,81.0
81,1145.0
81,2205.0
81,2676.5
81,1102.0
81,2739.5
81,1470.3334
81,2205.0
81,2739.0
81,1876.3334
81,2674.5
81,154.00002
81,2751.5
81,4145.0
81,5282.0
81,425.0
81,1430.3334
81,1436.2499
81,1132.0
81,2153.0
81,5291.0
81,72.0
82,69.50001
82,1852.3334
82,1130.0
82,4150.0
82,5291.0
82,5293.0
82,2744.5
82,1131.0
82,3214.0
82,2546.6667
82,1861.0
82,2681.5
82,2681.0
82,3216.0
82,665.5
82,1115.75
82,2240.0
82,940.0
82,181.0
82,1150.0
82,118.0
82,789.0
82,461.33334
82,460.66666
82,437.33334
82,146.5
82,2737.5
82,5288.0
82,101.66668
82,662.5
82,2677.0
82,5293.0
82,1129.0
82,5288.0
82,443.0
82,1130.0
82,1141.0
82,2681.5
82,5294.0
82,509.0
82,633.5
82,1139.0
82,2111.5
82,4185.0
82,175.0
82,1165.5
82,4150.0
82,86.0
82,195.0
82,4228.0
82,672.0
83,1838.6666
83,653.0
83,430.0
83,5297.0
83,5287.0
83,5292.0
83,2173.0
83,773.3333
83,1125.0
83,467.0
83,5286.0
83,5312.0
83,560.0
83,2753.0
83,131.5
83,189.33331
83,651.5
83,145.00002
83,3168.0
83,1408.75
83,1885.6666
83,4150.0
83,2745.0
83,2742.5
83,5296.0
83,2673.0
83,2742.5
83,2113.0
83,2738.5
83,5292.0
83,5298.0
83,1451.25
83,1858.6666
83,1803.3334
83,5292.0
83,2743.5
83,2666.0
83,2544.0
83,5285.0
83,1120.0
83,1137.0
83,1955.75
83,5298.0
83,5292.0
83,5302.0
83,1638.5
83,1469.2499
83,2683.5
83,4144.0
83,635.5
83,206.0
84,3989.75
84,63.500004
84,5291.0
84,5287.0
84,839.3333
84,2167.5
84,5306.0
84,2735.0
84,2678.5
84,666.0
84,5282.0
84,1895.0
84,4300.5
84,2672.0
84,2113.5
84,1863.6666
84,2747.0
84,2739.5
84,653.5
84,1083.0
84,1145.6666
84,1135.0
84,652.0
84,185.0
84,2686.5
84,179.0
84,5278.0
84,2102.0
84,1140.0
84,2112.5
84,4155.0
84,650.0
84,4149.0
84,2740.0
84,640.75
84,1877.0
84,1884.0
84,76.0
84,1848.6666
84,607.0
84,191.0
84,2151.0
84,668.5
84,1147.0
84,4162.0
84,165.0
84,1808.6666
84,1127.6
84,2754.5
84,1150.0
84,193.0
85,2108.5
85,1656.25
85,2672.0
85,749.3333
85,5287.0
85,1196.0
85,1120.0
85,1842.3334
85,2735.5
85,1177.0
85,2746.5
85,1139.0
85,53.5
85,2676.0
85,5276.0
85,1062.5
85,157.0
85,684.5
85,2675.5
85,187.66664
85,4154.0
85,5302.0
85,1855.0
85,2673.0
85,2672.0
85,1141.0
85,2118.0
85,1096.25
85,729.0
85,5281.0
85,2746.0
85,673.0
85,1848.6666
85,2672.5
85,2161.75
85,659.0
85,4159.0
85,2739.5
85,2740.5
85,1140.0
85,814.6667
85,597.0
85,1125.0
85,1124.0
85,2679.5
85,138.5
85,4151.0
85,4139.0
85,5306.0
85,2150.5
85,150.3333
86,3590.6667
86,5297.0
86,5286.0
86,1665.0
86,1177.0
86,5288.0
86,2155.0
86,1934.5
86,603.5
86,1854.3334
86,1470.6666
86,2735.0
86,4155.0
86,1178.0
86,1471.0
86,4142.0
86,5292.0
86,1818.0
86,1143.0
86,66.5
86,2678.0
86,2675.5
86,603.0
86,2739.0
86,1473.3334
86,664.5
86,2678.5
86,5298.0
86,1826.6666
86,5292.0
86,121.0
86,2675.5
86,1544.4
86,1124.0
86,2667.5
86,1120.0
86,653.0
86,4157.0
86,1436.3334
86,662.5
86,5284.0
86,1803.0
86,1139.0
86,1416.6666
86,1117.0
86,2141.5
86,2679.5
86,589.5
86,509.33334
86,182.0
86,0.0
87,884.25
87,1132.0
87,393.5
87,2110.5
87,1135.0
87,1857.0
87,1437.0
87,1855.3334
87,658.5
87,2687.0
87,5282.0
87,1650.5
87,1140.0
87,1131.0
87,652.5
87,5291.0
87,2681.5
87,3732.0
87,2121.0
87,1486.6666
87,1852.0
87,620.0
87,2700.5
87,657.0
87,1168.2
87,1807.0
87,619.0
87,2678.5
87,2112.5
87,1130.0
87,202.0
87,5288.0
87,2680.0
87,2178.5
87,5282.0
87,99.00001
87,4727.5
87,1130.0
87,1152.0
87,506.33334
87,2176.5
87,138.0
87,1139.0
87,2676.5
87,4141.0
87,1847.6666
87,1125.0
87,1099.0
87,5292.0
87,2747.0
87,0.0
88,2207.6
88,5278.0
88,4144.0
88,175.0
88,5283.0
88,1852.0
88,607.5
88,5291.0
88,192.0
88,131.0
88,1671.75
88,603.0
88,674.5
88,1463.6666
88,4150.0
88,4141.0
88,1164.0
88,2175.0
88,2125.3333
88,1514.6666
88,4160.0
88,2111.5
88,2735.0
88,671.5
88,1130.5
88,4154.0
88,2513.6667
88,2677.5
88,1120.0
88,1812.3334
88,2740.5
88,5288.0
88,1145.0
88,66.0
88,2740.5
88,1388.0
88,56.500008
88,68.0
88,2738.5
88,1136.0
88,2743.5
88,61.0
88,1845.6666
88,1465.5
88,1816.6666
88,2411.25
88,1565.0
88,2689.5
88,2740.0
88,1134.0
88,0.0
89,1112.2
89,1815.3334
89,780.3333
89,2110.0
89,2155.0
89,5291.0
89,4154.0
89,2155.0
89,5284.0
89,5303.0
89,5296.0
89,1376.0
89,2744.0
89,2134.5
89,2735.0
89,781.3333
89,98.000015
89,4152.0
89,1862.6666
89,1851.6666
89,2211.9998
89,1127.0
89,5287.0
89,459.0
89,1121.0
89,461.0
89,656.0
89,2110.0
89,1698.3334
89,2192.0
89,54.000008
89,1144.0
89,2711.0
89,57.0
89,64.0
89,661.0
89,4147.0
89,5285.0
89,4140.0
89,1130.0
89,4139.0
89,1128.0
89,98.49999
89,1131.0
89,1143.75
89,2098.0
89,200.0
89,139.0
89,4151.0
89,2832.3333
89,0.0
90,1789.0
90,466.0
90,54.5
90,2682.0
90,5289.0
90,3550.0
90,5283.0
90,671.0
90,2098.5
90,1125.0
90,1144.0
90,2738.5
90,147.50002
90,5303.0
90,5293.0
90,1131.0
90,2730.0
90,2553.0
90,4151.0
90,2736.5
90,191.0
90,1854.0
90,1130.0
90,4139.0
90,1140.6666
90,439.33334
90,831.0
90,603.5
90,152.66667
90,1437.6666
90,2106.5
90,1851.6666
90,5293.0
90,165.0
90,5278.0
90,2857.3333
90,163.0
90,2170.0
90,1400.5
90,1131.0
90,2206.3333
90,1624.0
90,2153.0
90,2741.5
90,190.0
90,1098.5
90,5283.0
90,170.0
90,1131.0
90,537.0
90,1151.6666
91,2217.0
91,2675.0
91,770.3333
91,2684.5
91,671.0
91,5286.0
91,5288.0
91,1120.0
91,2676.5
91,4151.0
91,464.66666
91,2108.5
91,2520.6667
91,1350.9999
91,5282.0
91,1136.0
91,2163.0
91,668.0
91,5284.0
91,2673.0
91,1062.5
91,664.0
91,100.666664
91,1174.0
91,664.0
91,3233.5
91,627.0
91,120.00001
91,53.5
91,5292.0
91,1137.0
91,1649.0
91,666.5
91,352.25
91,2704.5
91,5270.0
91,5293.0
91,3718.0
91,663.5
91,5292.0
91,2673.5
91,111.33335
91,5287.0
91,457.66666
91,663.0
91,1131.0
91,603.0
91,66.00001
91,655.0
91,128.0
91,104.00001
92,1625.0
92,603.0
92,467.66666
92,2674.5
92,3191.5
92,3248.0
92,5287.0
92,2686.0
92,5282.0
92,1643.0
92,656.5
92,1842.3334
92,0.0
92,4141.0
92,2667.5
92,113.333336
92,1134.0
92,129.0
92,2668.5
92,2677.0
92,2506.6667
92,666.0
92,72.00001
92,1139.0
92,73.50001
92,2171.5
92,2122.0
92,5288.0
92,470.0
92,5307.0
92,1130.0
92,122.00001
92,4145.0
92,2682.5
92,1130.0
92,161.0
92,879.25
92,5287.0
92,5293.0
92,1124.0
92,1466.6666
92,2123.3333
92,2708.5
92,1190.0
92,667.5
92,2115.3333
92,818.0
92,5293.0
92,666.5
92,2135.0
92,0.0
