Generation,Fitness
0,20.499992
0,33.0
0,0.0
0,0.0
0,10.000001
0,0.0
0,0.0
0,0.0
0,74.999954
0,0.0
0,20.0
0,18.000004
0,91.999985
0,0.0
0,0.0
0,50.0
0,0.0
0,0.0
0,0.0
0,0.0
0,0.0
0,1159.0
0,57.0
0,100.0
0,0.0
0,50.0
0,0.0
0,38.999985
0,0.0
0,75.999954
0,115.0
0,0.0
0,0.0
0,0.0
0,79.99995
0,50.0
0,50.0
0,0.0
0,0.0
0,0.0
0,0.0
0,0.0
0,0.0
0,0.0
0,0.0
0,116.0
0,21.000002
0,20.0
0,0.0
0,77.99999
1,1666.5
1,2181.0
1,118.0
1,3176.0
1,69.0
1,119.0
1,2179.0
1,3184.0
1,1170.0
1,3182.0
1,3184.0
1,3187.0
1,119.0
1,117.0
1,116.0
1,115.0
1,120.0
1,127.0
1,118.0
1,1174.0
1,122.0
1,117.0
1,1167.0
1,116.0
1,115.0
1,2172.0
1,116.0
1,3176.0
1,68.0
1,3176.0
1,3176.0
1,116.0
1,118.0
1,116.0
1,1175.0
1,119.0
1,118.0
1,120.0
1,1180.0
1,1240.0
1,116.0
1,2179.0
1,117.0
1,108.0
1,0.0
1,0.0
1,3262.0
1,2161.0
1,4265.0
1,2157.0
1,0.0
2,2835.5
2,1171.0
2,3288.0
2,3272.0
2,1255.0
2,2182.0
2,1251.0
2,4270.0
2,2162.0
2,1252.0
2,2280.0
2,1309.0
2,2262.0
2,1263.0
2,3165.0
2,0.0
2,3260.0
2,187.0
2,4290.0
2,2259.0
2,1152.0
2,1257.0
2,3163.0
2,1306.0
2,3170.0
2,1256.0
2,1174.0
2,2179.0
2,1173.0
2,4171.0
2,1153.0
2,2179.0
2,2243.0
2,4189.0
2,2256.0
2,1259.0
2,3310.0
2,1270.0
2,1174.0
2,1318.0
2,1173.0
2,5295.0
2,1154.0
2,1304.0
2,4192.0
2,4191.0
2,1210.0
2,4269.0
2,1250.0
2,2259.0
2,0.0
3,2775.0
3,2275.0
3,1326.0
3,1260.0
3,21.000002
3,1257.0
3,3265.0
3,2261.0
3,5274.0
3,3269.0
3,0.0
3,3326.0
3,4273.0
3,2266.0
3,1290.0
3,2275.0
3,2391.0
3,5302.0
3,1252.0
3,4285.0
3,2256.0
3,4277.0
3,1294.0
3,1274.0
3,3260.0
3,1273.0
3,3265.0
3,1270.0
3,2299.0
3,2260.0
3,4286.0
3,2255.0
3,2213.0
3,2275.0
3,2257.0
3,1256.0
3,2275.0
3,4285.0
3,2275.0
3,3280.0
3,1274.0
3,4285.0
3,4285.0
3,2275.0
3,2262.0
3,1173.0
3,3280.0
3,4285.0
3,4285.0
3,1156.0
3,0.0
4,2255.0
4,1251.0
4,3260.0
4,4285.0
4,0.0
4,1276.0
4,3290.0
4,3302.0
4,3302.0
4,3296.0
4,3295.0
4,3302.0
4,2259.0
4,1250.0
4,1290.0
4,4285.0
4,2275.0
4,5310.0
4,3280.0
4,4285.0
4,3280.0
4,3280.0
4,3180.0
4,4285.0
4,3264.0
4,2275.0
4,5310.0
4,4285.0
4,3280.0
4,4285.0
4,0.0
4,3264.0
4,2261.0
4,4289.0
4,2265.0
4,2275.0
4,1256.0
4,4173.0
4,2257.0
4,1254.0
4,1270.0
4,3260.0
4,0.0
4,3166.0
4,2266.0
4,85.0
4,1254.0
4,2255.0
4,1250.0
4,4265.0
4,0.0
5,1250.5
5,1250.0
5,1291.0
5,1272.0
5,26.999996
5,1270.0
5,1290.0
5,1253.0
5,0.0
5,3280.0
5,4269.0
5,1274.0
5,3294.0
5,0.0
5,2259.0
5,1254.0
5,1290.0
5,1255.0
5,1272.0
5,5295.0
5,5330.0
5,4270.0
5,2266.0
5,4304.0
5,2308.0
5,4272.0
5,1270.0
5,280.0
5,1263.0
5,4275.0
5,1290.0
5,1260.0
5,4290.0
5,3262.0
5,3282.0
5,1294.0
5,2275.0
5,0.0
5,2295.0
5,2275.0
5,3260.0
5,2364.0
5,3311.0
5,208.0
5,3260.0
5,2263.0
5,3264.0
5,1364.0
5,3356.0
5,2338.0
5,0.0
6,2284.0
6,1347.0
6,1257.0
6,2279.0
6,5286.0
6,2259.0
6,2291.0
6,1260.0
6,4271.0
6,100.0
6,4285.0
6,3281.0
6,2259.0
6,2305.0
6,1260.0
6,4273.0
6,1255.0
6,2256.0
6,1262.0
6,2259.0
6,3340.0
6,5272.0
6,1255.0
6,1304.0
6,1250.0
6,4280.0
6,4289.0
6,3285.0
6,4306.0
6,1270.0
6,3286.0
6,1290.0
6,3300.0
6,1258.0
6,1253.0
6,1251.0
6,4269.0
6,4269.0
6,1256.0
6,2260.0
6,2276.0
6,2277.0
6,1255.0
6,2255.0
6,5270.0
6,3283.0
6,2275.0
6,2260.0
6,2256.0
6,2260.0
6,0.0
7,1777.0
7,1251.0
7,2275.0
7,2277.0
7,5291.0
7,19.000004
7,1254.0
7,2279.0
7,0.0
7,1256.0
7,2263.0
7,5281.0
7,3268.0
7,1256.0
7,2262.0
7,2259.0
7,3261.0
7,1250.0
7,1270.0
7,3361.0
7,2257.0
7,1251.0
7,5281.0
7,4289.0
7,2255.0
7,1270.0
7,5291.0
7,1177.0
7,2309.0
7,2295.0
7,2258.0
7,3266.0
7,3280.0
7,1253.0
7,3367.0
7,1250.0
7,1270.0
7,3300.0
7,1274.0
7,2295.0
7,2275.0
7,1270.0
7,1250.0
7,3286.0
7,4271.0
7,3265.0
7,5270.0
7,3262.0
7,2300.0
7,4291.0
7,0.0
