Generation,Fitness
0,10.0
0,50.0
0,0.0
0,0.0
0,0.0
0,0.0
0,50.0
0,0.0
0,0.0
0,0.0
0,0.0
0,0.0
0,0.0
0,0.0
0,0.0
0,0.0
0,20.0
0,0.0
0,20.0
0,0.0
0,20.0
0,0.0
0,20.0
0,0.0
0,20.0
0,0.0
0,0.0
0,50.0
0,0.0
0,20.0
0,0.0
0,50.0
0,0.0
0,50.0
0,0.0
0,0.0
0,50.0
0,0.0
0,100.0
0,0.0
0,70.0
0,0.0
0,70.0
0,50.0
0,0.0
0,50.0
0,66.0
0,0.0
0,20.0
0,50.0
1,60.0
1,100.0
1,100.0
1,0.0
1,70.0
1,0.0
1,70.0
1,70.0
1,0.0
1,70.0
1,100.0
1,100.0
1,0.0
1,0.0
1,120.0
1,116.0
1,100.0
1,70.0
1,100.0
1,100.0
1,70.0
1,0.0
1,100.0
1,20.0
1,70.0
1,120.0
1,70.0
1,70.0
1,50.0
1,70.0
1,70.0
1,70.0
1,100.0
1,70.0
1,0.0
1,20.0
1,100.0
1,20.0
1,100.0
1,70.0
1,100.0
1,70.0
1,70.0
1,100.0
1,70.0
1,70.0
1,70.0
1,70.0
1,0.0
1,0.0
1,0.0
2,110.0
2,120.0
2,120.0
2,116.0
2,0.0
2,120.0
2,120.0
2,120.0
2,120.0
2,120.0
2,120.0
2,120.0
2,120.0
2,120.0
2,120.0
2,120.0
2,70.0
2,116.0
2,120.0
2,120.0
2,120.0
2,120.0
2,70.0
2,120.0
2,120.0
2,120.0
2,100.0
2,100.0
2,120.0
2,20.0
2,20.0
2,120.0
2,120.0
2,120.0
2,120.0
2,20.0
2,120.0
2,120.0
2,120.0
2,120.0
2,70.0
2,120.0
2,120.0
2,120.0
2,120.0
2,116.0
2,120.0
2,116.0
2,70.0
2,70.0
2,0.0
3,85.0
3,120.0
3,120.0
3,120.0
3,20.0
3,120.0
3,120.0
3,120.0
3,74.0
3,120.0
3,120.0
3,120.0
3,120.0
3,120.0
3,120.0
3,120.0
3,120.0
3,120.0
3,120.0
3,120.0
3,0.0
3,120.0
3,120.0
3,120.0
3,120.0
3,120.0
3,120.0
3,120.0
3,120.0
3,120.0
3,70.0
3,120.0
3,70.0
3,70.0
3,70.0
3,120.0
3,20.0
3,81.99999
3,120.0
3,120.0
3,120.0
3,120.0
3,120.0
3,70.0
3,120.0
3,120.0
3,70.0
3,120.0
3,120.0
3,120.0
3,0.0
4,85.0
4,120.0
4,100.0
4,120.0
4,120.0
4,120.0
4,120.0
4,120.0
4,120.0
4,70.0
4,0.0
4,70.0
4,120.0
4,120.0
4,120.0
4,120.0
4,120.0
4,120.0
4,120.0
4,70.0
4,20.0
4,120.0
4,120.0
4,120.0
4,120.0
4,120.0
4,120.0
4,120.0
4,120.0
4,74.0
4,120.0
4,85.999985
4,120.0
4,70.0
4,150.0
4,150.0
4,150.0
4,150.0
4,150.0
4,70.0
4,100.0
4,154.0
4,100.0
4,100.0
4,100.0
4,100.0
4,166.0
4,154.0
4,116.0
4,87.999985
4,0.0
5,60.0
5,120.0
5,70.0
5,120.0
5,120.0
5,0.0
5,70.0
5,120.0
5,120.0
5,120.0
5,88.999985
5,70.0
5,120.0
5,120.0
5,120.0
5,120.0
5,120.0
5,120.0
5,120.0
5,120.0
5,120.0
5,120.0
5,70.0
5,70.0
5,120.0
5,70.0
5,120.0
5,120.0
5,120.0
5,120.0
5,50.0
5,120.0
5,70.0
5,120.0
5,120.0
5,70.0
5,70.0
5,120.0
5,120.0
5,120.0
5,120.0
5,120.0
5,70.0
5,120.0
5,70.0
5,120.0
5,120.0
5,120.0
5,120.0
5,0.0
5,0.0
6,85.0
6,120.0
6,120.0
6,120.0
6,120.0
6,70.0
6,0.0
6,170.0
6,150.0
6,0.0
6,100.0
6,100.0
6,100.0
6,100.0
6,100.0
6,100.0
6,100.0
6,120.0
6,150.0
6,0.0
6,100.0
6,150.0
6,70.0
6,150.0
6,158.0
6,158.0
6,158.0
6,158.0
6,116.0
6,150.0
6,100.0
6,150.0
6,150.0
6,150.0
6,150.0
6,166.0
6,170.0
6,120.0
6,162.0
6,150.0
6,100.0
6,170.0
6,120.0
6,120.0
6,120.0
6,120.0
6,120.0
6,20.0
6,120.0
6,120.0
6,0.0
7,110.0
7,120.0
7,120.0
7,120.0
7,120.0
7,120.0
7,170.0
7,170.0
7,100.0
7,100.0
7,100.0
7,100.0
7,100.0
7,100.0
7,100.0
7,100.0
7,150.0
7,150.0
7,150.0
7,50.0
7,150.0
7,150.0
7,150.0
7,100.0
7,100.0
7,100.0
7,100.0
7,100.0
7,100.0
7,100.0
7,100.0
7,166.0
7,150.0
7,100.0
7,120.0
7,166.0
7,100.0
7,150.0
7,100.0
7,154.0
7,100.0
7,120.0
7,100.0
7,100.0
7,162.0
7,100.0
7,150.0
7,20.0
7,150.0
7,100.0
7,0.0
8,125.0
8,162.0
8,100.0
8,20.0
8,100.0
8,100.0
8,50.0
8,100.0
8,100.0
8,100.0
8,150.0
8,150.0
8,0.0
8,100.0
8,0.0
8,50.0
8,100.0
8,100.0
8,100.0
8,100.0
8,102.0
8,100.0
8,100.0
8,100.0
8,100.0
8,117.99996
8,50.0
8,100.0
8,100.0
8,166.0
8,100.0
8,116.0
8,116.0
8,170.0
8,170.0
8,116.0
8,116.0
8,72.0
8,116.0
8,116.0
8,166.0
8,120.0
8,104.999985
8,116.0
8,116.0
8,116.0
8,116.0
8,116.0
8,116.0
8,158.0
8,0.0
9,110.0
9,116.0
9,116.0
9,116.0
9,116.0
9,116.0
9,116.0
9,116.0
9,116.0
9,170.0
9,116.0
9,116.0
9,116.0
9,116.0
9,116.0
9,166.0
9,166.0
9,116.0
9,116.0
9,166.0
9,166.0
9,116.0
9,154.0
9,116.0
9,116.0
9,116.0
9,154.0
9,154.0
9,112.0
9,120.0
9,70.0
9,166.0
9,120.0
9,116.0
9,116.0
9,162.0
9,116.0
9,120.0
9,120.0
9,66.0
9,70.0
9,66.0
9,120.0
9,70.0
9,66.0
9,66.0
9,66.0
9,66.0
9,66.0
9,70.0
9,0.0
