Generation,Fitness
0,0.0
0,0.0
0,0.0
0,59.0
0,0.0
0,0.0
0,50.0
0,0.0
0,12.0
0,50.0
0,0.0
0,63.0
0,0.0
0,0.0
0,0.0
0,0.0
0,0.0
0,50.0
0,0.0
0,50.0
0,0.0
0,50.0
0,50.0
0,53.0
0,0.0
0,50.0
0,0.0
0,0.0
0,0.0
0,0.0
0,50.0
0,50.0
0,0.0
0,0.0
0,50.0
0,0.0
0,0.0
0,50.0
0,0.0
0,0.0
0,0.0
0,0.0
0,81.99999
0,0.0
0,0.0
0,50.0
0,0.0
0,0.0
0,50.0
0,0.0
1,50.0
1,90.0
1,55.0
1,80.99999
1,50.0
1,0.0
1,50.0
1,50.0
1,0.0
1,59.0
1,125.0
1,100.0
1,51.0
1,113.99996
1,81.99999
1,113.99996
1,50.0
1,113.99996
1,60.0
1,50.0
1,0.0
1,50.0
1,0.0
1,50.0
1,113.99996
1,113.99996
1,0.0
1,86.999985
1,50.0
1,50.0
1,0.0
1,71.0
1,58.0
1,138.0
1,50.0
1,58.0
1,78.99999
1,77.99999
1,0.0
1,0.0
1,0.0
1,50.0
1,50.0
1,80.99999
1,0.0
1,77.99999
1,77.0
1,0.0
1,0.0
1,0.0
1,0.0
2,0.0
2,60.0
2,77.0
2,79.99999
2,51.0
2,61.0
2,100.0
2,66.0
2,77.0
2,76.0
2,101.0
2,0.0
2,0.0
2,101.0
2,81.99999
2,61.0
2,50.0
2,100.0
2,100.0
2,100.0
2,100.0
2,76.0
2,56.0
2,0.0
2,79.99999
2,77.0
2,58.0
2,56.0
2,100.0
2,74.0
2,100.0
2,100.0
2,50.0
2,64.0
2,50.0
2,66.0
2,61.0
2,180.0
2,77.99999
2,100.0
2,61.0
2,61.0
2,136.0
2,78.99999
2,78.99999
2,100.0
2,77.0
2,61.0
2,100.0
2,78.99999
2,0.0
3,79.999985
3,50.0
3,100.0
3,50.0
3,100.0
3,56.0
3,50.0
3,4.0
3,100.0
3,50.0
3,101.0
3,99.999985
3,50.0
3,100.0
3,101.0
3,100.0
3,101.0
3,101.0
3,50.0
3,56.0
3,100.0
3,78.99999
3,101.0
3,101.0
3,100.0
3,100.0
3,100.0
3,101.0
3,168.0
3,100.0
3,100.0
3,0.0
3,100.0
3,51.0
3,100.0
3,66.0
3,168.0
3,50.0
3,101.0
3,56.0
3,56.0
3,105.0
3,100.0
3,100.0
3,101.0
3,73.0
3,100.0
3,50.0
3,101.0
3,50.0
3,0.0
4,100.0
4,51.0
4,51.0
4,50.0
4,100.0
4,101.0
4,51.0
4,100.0
4,100.0
4,101.0
4,100.0
4,105.0
4,100.0
4,100.0
4,105.0
4,100.0
4,105.0
4,104.0
4,100.0
4,105.0
4,100.0
4,0.0
4,100.0
4,78.0
4,50.0
4,51.0
4,61.0
4,105.0
4,105.0
4,100.0
4,100.0
4,1200.0
4,105.0
4,100.0
4,100.0
4,50.0
4,51.0
4,0.0
4,100.0
4,100.0
4,100.0
4,50.0
4,100.0
4,100.0
4,100.0
4,100.0
4,0.0
4,55.0
4,56.0
4,100.0
4,0.0
