Generation,Fitness
0,50.0
0,0.0
0,20.0
0,0.0
0,0.0
0,0.0
0,0.0
0,0.0
0,0.0
0,55.0
0,0.0
0,50.0
0,50.0
0,0.0
0,0.0
0,50.0
0,0.0
0,0.0
0,148.00003
0,0.0
0,74.0
0,0.0
0,50.0
0,0.0
0,0.0
0,0.0
0,50.0
0,0.0
0,50.0
0,0.0
0,112.0
0,0.0
0,0.0
0,65.0
0,0.0
0,20.0
0,1204.0
0,50.0
0,0.0
0,60.0
0,0.0
0,100.0
0,0.0
0,69.0
0,0.0
0,0.0
0,0.0
0,0.0
0,50.0
0,0.0
1,0.0
1,155.0
1,179.0
1,0.0
1,124.0
1,168.00002
1,4220.0
1,168.00002
1,150.0
1,108.99998
1,247.0
1,0.0
1,0.0
1,2209.0
1,0.0
1,160.0
1,4222.0
1,1209.0
1,159.0
1,4219.0
1,3215.0
1,4237.0
1,250.0
1,110.0
1,0.0
1,0.0
1,3213.0
1,3213.0
1,3216.0
1,95.0
1,4222.0
1,75.0
1,3230.0
1,0.0
1,152.0
1,3211.0
1,1202.0
1,145.0
1,3260.0
1,78.0
1,159.0
1,212.00005
1,0.0
1,163.00002
1,50.0
1,191.0
1,1204.0
1,3213.0
1,155.0
1,1234.0
1,0.0
2,2213.0
2,4218.0
2,1201.0
2,4222.0
2,2215.0
2,1203.0
2,3217.0
2,4224.0
2,4216.0
2,2216.0
2,4315.0
2,1212.0
2,1205.0
2,2206.0
2,2214.0
2,1205.0
2,3220.0
2,0.0
2,0.0
2,3213.0
2,1205.0
2,1204.0
2,0.0
2,1204.0
2,1209.0
2,2209.0
2,50.0
2,2211.0
2,1325.0
2,1205.0
2,0.0
2,2208.0
2,4215.0
2,1203.0
2,4230.0
2,1212.0
2,210.0
2,5228.0
2,0.0
2,2213.0
2,1207.0
2,2213.0
2,3220.0
2,0.0
2,1256.0
2,5223.0
2,0.0
2,1202.0
2,4223.0
2,1210.0
2,0.0
3,1706.0
3,0.0
3,0.0
3,1205.0
3,1203.0
3,1209.0
3,2261.0
3,2215.0
3,1206.0
3,1205.0
3,3215.0
3,2217.0
3,0.0
3,1206.0
3,2208.0
3,4225.0
3,1210.0
3,3219.0
3,3219.0
3,4225.0
3,1209.0
3,1209.0
3,113.99996
3,2209.0
3,1205.0
3,3222.0
3,1204.0
3,2216.0
3,0.0
3,2220.0
3,5227.0
3,0.0
3,0.0
3,4226.0
3,1212.0
3,2214.0
3,3216.0
3,3219.0
3,2207.0
3,1214.0
3,1211.0
3,1209.0
3,0.0
3,3219.0
3,114.99996
3,1205.0
3,1207.0
3,2214.0
3,1207.0
3,1208.0
3,0.0
4,2209.5
4,3218.0
4,3223.0
4,1207.0
4,1212.0
4,1211.0
4,0.0
4,2215.0
4,2208.0
4,4220.0
4,1210.0
4,2216.0
4,3215.0
4,1206.0
4,1204.0
4,5229.0
4,1210.0
4,1208.0
4,2213.0
4,1204.0
4,5221.0
4,2213.0
4,5230.0
4,3218.0
4,3217.0
4,1204.0
4,345.0
4,1204.0
4,1287.0
4,1203.0
4,3219.0
4,262.0
4,0.0
4,1203.0
4,4217.0
4,4218.0
4,1213.0
4,1211.0
4,2215.0
4,4221.0
4,2215.0
4,2212.0
4,4216.0
4,1206.0
4,2217.0
4,1208.0
4,1212.0
4,3215.0
4,0.0
4,4218.0
4,0.0
