Generation,Fitness
0,0.0
0,0.0
0,50.0
0,0.0
0,50.0
0,0.0
0,0.0
0,0.0
0,50.0
0,50.0
0,0.0
0,0.0
0,16.0
0,0.0
0,0.0
0,0.0
0,20.0
0,0.0
0,20.0
0,0.0
0,50.0
0,0.0
0,50.0
0,0.0
0,0.0
0,4.0
0,0.0
0,0.0
0,0.0
0,0.0
0,0.0
0,2.0
0,0.0
0,0.0
0,0.0
0,0.0
0,0.0
0,0.0
0,101.99999
0,0.0
0,0.0
0,0.0
0,0.0
0,0.0
0,0.0
0,0.0
0,0.0
0,0.0
0,50.0
0,0.0
1,100.0
1,50.0
1,50.0
1,100.0
1,0.0
1,50.0
1,50.0
1,90.0
1,50.0
1,50.0
1,50.0
1,101.99999
1,50.0
1,50.0
1,50.0
1,50.0
1,50.0
1,105.999985
1,82.0
1,50.0
1,50.0
1,66.0
1,100.0
1,50.0
1,123.99999
1,50.0
1,50.0
1,50.0
1,50.0
1,98.0
1,50.0
1,50.0
1,50.0
1,50.0
1,50.0
1,0.0
1,50.0
1,98.0
1,0.0
1,50.0
1,98.0
1,50.0
1,50.0
1,50.0
1,100.0
1,50.0
1,50.0
1,0.0
1,50.0
1,0.0
1,0.0
1,0.0
1,0.0
2,93.999985
2,50.0
2,100.0
2,100.0
2,100.0
2,0.0
2,50.0
2,98.0
2,92.0
2,108.0
2,86.00001
2,62.0
2,50.0
2,50.0
2,50.0
2,0.0
2,50.0
2,50.0
2,50.0
2,50.0
2,50.0
2,50.0
2,0.0
2,50.0
2,0.0
2,0.0
2,50.0
2,50.0
2,98.0
2,96.0
2,0.0
2,150.0
2,100.0
2,81.0
2,94.0
2,94.0
2,90.0
2,101.99999
2,82.0
2,70.0
2,50.0
2,150.0
2,50.0
2,50.0
2,50.0
2,50.0
2,50.0
2,110.0
2,82.0
2,98.0
2,0.0
2,0.0
2,0.0
2,0.0
2,0.0
2,0.0
2,0.0
2,0.0
2,0.0
2,0.0
2,0.0
2,0.0
2,0.0
2,0.0
2,0.0
2,0.0
2,0.0
2,0.0
2,0.0
2,0.0
2,0.0
2,0.0
2,0.0
2,0.0
2,0.0
2,0.0
2,0.0
2,0.0
2,0.0
2,0.0
2,0.0
2,0.0
3,100.0
3,150.0
3,20.0
3,108.0
3,57.0
3,105.999985
3,98.0
3,100.0
3,86.00001
3,98.0
3,86.00001
3,105.999985
3,98.0
3,50.0
3,98.0
3,106.0
3,92.0
3,100.0
3,100.0
3,100.0
3,82.0
3,81.0
3,50.0
3,62.0
3,50.0
3,0.0
3,50.0
3,50.0
3,50.0
3,50.0
3,50.0
3,0.0
3,0.0
3,50.0
3,50.0
3,50.0
3,50.0
3,50.0
3,50.0
3,0.0
3,50.0
3,50.0
3,150.0
3,92.0
3,110.0
3,156.0
3,96.0
3,101.99999
3,100.0
3,100.0
3,0.0
3,0.0
3,0.0
3,0.0
3,0.0
3,0.0
4,79.0
4,50.0
4,100.0
4,70.0
4,108.0
4,150.0
4,150.0
4,16.0
4,108.0
4,128.0
4,84.00001
4,0.0
4,50.0
4,100.0
4,100.0
4,100.0
4,100.0
4,107.0
4,100.0
4,100.0
4,0.0
4,100.0
4,81.0
4,98.0
4,94.0
4,100.0
4,94.0
4,81.0
4,2250.0
4,82.0
4,0.0
4,62.0
4,83.0
4,0.0
4,50.0
4,100.0
4,104.0
4,150.0
4,100.0
4,108.00001
4,74.0
4,156.0
4,150.0
4,66.0
4,106.00001
4,108.0
4,114.0
4,100.0
4,50.0
4,100.0
4,0.0
4,0.0
4,0.0
4,0.0
4,0.0
4,0.0
4,0.0
4,0.0
5,1150.0
5,154.0
5,100.0
5,58.0
5,100.0
5,50.0
5,128.0
5,102.00001
5,16.0
5,108.0
5,108.0
5,108.0
5,100.0
5,125.999985
5,100.0
5,50.0
5,100.0
5,100.0
5,100.0
5,100.0
5,50.0
5,100.0
5,0.0
5,100.0
5,100.0
5,100.0
5,100.0
5,3260.0
5,100.0
5,150.0
5,150.0
5,100.0
5,150.0
5,128.0
5,112.0
5,120.0
5,54.0
5,0.0
5,50.0
5,75.0
5,106.00001
5,152.0
5,100.0
5,50.0
5,100.0
5,150.0
5,100.0
5,100.0
5,100.0
5,117.99998
5,0.0
5,0.0
5,0.0
5,0.0
5,0.0
5,0.0
5,0.0
5,0.0
5,0.0
6,97.0
6,3260.0
6,106.0
6,154.0
6,100.0
6,100.0
6,100.0
6,0.0
6,128.0
6,108.0
6,106.00001
6,120.0
6,125.99997
6,0.0
6,3220.0
6,154.0
6,108.0
6,100.0
6,0.0
6,150.0
6,162.0
6,108.0
6,128.0
6,50.0
6,100.0
6,0.0
6,123.99999
6,108.0
6,108.0
6,119.99998
6,50.0
6,135.99997
6,100.0
6,100.0
6,100.0
6,100.0
6,100.0
6,50.0
6,100.0
6,100.0
6,100.0
6,100.0
6,150.0
6,100.0
6,100.0
6,100.0
6,50.0
6,100.0
6,100.0
6,100.0
6,0.0
7,1675.0
7,3260.0
7,50.0
7,0.0
7,0.0
7,102.0
7,102.0
7,100.0
7,100.0
7,129.99998
7,108.0
7,128.0
7,100.0
7,86.0
7,50.0
7,154.0
7,108.0
7,152.0
7,128.0
7,108.0
7,108.0
7,76.0
7,104.0
7,50.0
7,150.0
7,150.0
7,150.0
7,0.0
7,100.0
7,100.0
7,100.0
7,100.0
7,100.0
7,100.0
7,100.0
7,104.0
7,100.0
7,116.0
7,100.0
7,100.0
7,100.0
7,100.0
7,100.0
7,58.0
7,120.0
7,50.0
7,0.0
7,4270.0
7,3260.0
7,3260.0
8,50.0
8,3260.0
8,0.0
8,1206.0
8,3220.0
8,1202.0
8,3260.0
8,2250.0
8,5248.0
8,110.0
8,3260.0
8,3260.0
8,96.0
8,3260.0
8,2250.0
8,3260.0
8,3260.0
8,3260.0
8,3260.0
8,5280.0
8,6262.0
8,6252.0
8,1204.0
8,100.0
8,50.0
8,0.0
8,50.0
8,150.0
8,118.0
8,128.0
8,0.0
8,5280.0
8,3260.0
8,3260.0
8,158.0
8,3260.0
8,2250.0
8,3260.0
8,5280.0
8,3260.0
8,5280.0
8,6255.0
8,1206.0
8,2250.0
8,2250.0
8,3260.0
8,2250.0
8,50.0
8,2250.0
8,5280.0
8,0.0
8,0.0
8,0.0
8,0.0
8,0.0
8,0.0
8,0.0
9,100.0
9,16.0
9,0.0
9,5280.0
9,50.0
9,3260.0
9,1240.0
9,170.0
9,1204.0
9,3220.0
9,3260.0
9,3260.0
9,3260.0
9,3260.0
9,136.0
9,3260.0
9,1204.0
9,0.0
9,50.0
9,3260.0
9,50.0
9,50.0
9,3260.0
9,2250.0
9,5246.0
9,4242.0
9,3260.0
9,1240.0
9,50.0
9,3260.0
9,3260.0
9,0.0
9,3260.0
9,50.0
9,0.0
9,3260.0
9,2250.0
9,3260.0
9,3270.0
9,180.0
9,0.0
9,0.0
9,5280.0
9,1200.0
9,0.0
9,2250.0
9,1202.0
9,1240.0
9,3260.0
9,3260.0
9,0.0
9,0.0
9,0.0
9,0.0
9,0.0
9,0.0
9,0.0
9,0.0
9,0.0
9,0.0
9,0.0
9,0.0
9,0.0
9,0.0
9,0.0
10,2685.0
10,2250.0
10,1200.0
10,50.0
10,2226.0
10,2250.0
10,3260.0
10,0.0
10,50.0
10,3210.0
10,3260.0
10,5280.0
10,50.0
10,2250.0
10,3260.0
10,2250.0
10,3260.0
10,2250.0
10,50.0
10,80.0
10,3260.0
10,6256.0
10,4240.0
10,0.0
10,3260.0
10,0.0
10,1206.0
10,6256.0
10,6258.0
10,2272.0
10,50.0
10,3260.0
10,70.0
10,3260.0
10,0.0
10,5240.0
10,3260.0
10,3220.0
10,0.0
10,3250.0
10,5280.0
10,50.0
10,1202.0
10,1210.0
10,154.0
10,2250.0
10,3260.0
10,2250.0
10,70.0
10,2250.0
10,0.0
10,0.0
10,0.0
10,0.0
10,0.0
10,0.0
11,1209.0
11,5240.0
11,2210.0
11,2250.0
11,84.00001
11,5240.0
11,172.0
11,3260.0
11,5280.0
11,5240.0
11,20.0
11,2210.0
11,2240.0
11,5280.0
11,1210.0
11,2214.0
11,3210.0
11,1208.0
11,5280.0
11,5280.0
11,120.0
11,4234.0
11,2250.0
11,2250.0
11,3260.0
11,2250.0
11,3260.0
11,3260.0
11,50.0
11,6258.0
11,2250.0
11,1240.0
11,3282.0
11,1206.0
11,70.0
11,5280.0
11,210.0
11,3260.0
11,3260.0
11,3260.0
11,3226.0
11,4236.0
11,1206.0
11,20.0
11,5240.0
11,90.0
11,62.0
11,5280.0
11,5240.0
11,5252.0
11,0.0
11,0.0
11,0.0
11,0.0
11,0.0
11,0.0
11,0.0
11,0.0
11,0.0
11,0.0
11,0.0
11,0.0
11,0.0
11,0.0
11,0.0
11,0.0
11,0.0
11,0.0
11,0.0
11,0.0
11,0.0
11,0.0
11,0.0
11,0.0
11,0.0
11,0.0
11,0.0
12,3728.0
12,6254.0
12,2216.0
12,0.0
12,1248.0
12,5280.0
12,5280.0
12,20.0
12,6258.0
12,3220.0
12,5240.0
12,5240.0
12,5240.0
12,2214.0
12,2250.0
12,1240.0
12,5280.0
12,5240.0
12,0.0
12,3260.0
12,50.0
12,5240.0
12,90.0
12,5240.0
12,5240.0
12,5246.0
12,3220.0
12,2262.0
12,2250.0
12,5280.0
12,4270.0
12,2250.0
12,3260.0
12,3260.0
12,3260.0
12,50.0
12,3210.0
12,1240.0
12,3260.0
12,2214.0
12,2250.0
12,3260.0
12,3260.0
12,1202.0
12,50.0
12,1206.0
12,3260.0
12,3260.0
12,2250.0
12,5280.0
12,0.0
12,0.0
12,0.0
12,0.0
12,0.0
12,0.0
12,0.0
12,0.0
12,0.0
12,0.0
13,2685.0
13,50.0
13,4270.0
13,50.0
13,5280.0
13,3260.0
13,55.0
13,50.0
13,4244.0
13,2218.0
13,5280.0
13,3260.0
13,0.0
13,58.0
13,50.0
13,5248.0
13,5240.0
13,5240.0
13,5240.0
13,5240.0
13,5240.0
13,228.0
13,180.0
13,5280.0
13,1206.0
13,3230.0
13,2250.0
13,3260.0
13,50.0
13,3260.0
13,5280.0
13,3250.0
13,0.0
13,16.0
13,5240.0
13,5240.0
13,3210.0
13,50.0
13,74.0
13,1208.0
13,4238.0
13,1240.0
13,5280.0
13,50.0
13,2210.0
13,3260.0
13,4230.0
13,5240.0
13,5240.0
13,5240.0
13,0.0
13,0.0
13,0.0
13,0.0
13,0.0
13,0.0
13,0.0
13,0.0
13,0.0
13,0.0
13,0.0
13,0.0
13,0.0
13,0.0
13,0.0
14,2685.0
14,0.0
14,3260.0
14,220.0
14,220.0
14,3220.0
14,5240.0
14,5240.0
14,1200.0
14,180.0
14,5240.0
14,0.0
14,5240.0
14,5240.0
14,0.0
14,1200.0
14,2250.0
14,4238.0
14,5280.0
14,5280.0
14,3260.0
14,220.0
14,3260.0
14,5240.0
14,5240.0
14,5240.0
14,3220.0
14,160.0
14,5240.0
14,121.0
14,5280.0
14,220.0
14,5280.0
14,220.0
14,90.0
14,2210.0
14,5240.0
14,5240.0
14,3220.0
14,180.0
14,5240.0
14,1258.0
14,120.0
14,3220.0
14,5240.0
14,110.0
14,2250.0
14,238.0
14,3210.0
14,100.0
14,0.0
14,0.0
14,0.0
14,0.0
14,0.0
14,0.0
14,0.0
14,0.0
14,0.0
14,0.0
14,0.0
15,90.0
15,130.0
15,210.0
15,3260.0
15,50.0
15,4230.0
15,0.0
15,0.0
15,0.0
15,1200.0
15,5240.0
15,5240.0
15,5240.0
15,5240.0
15,5280.0
15,5280.0
15,5280.0
15,130.0
15,170.0
15,120.0
15,5280.0
15,5280.0
15,86.00001
15,2250.0
15,5240.0
15,50.0
15,5240.0
15,210.0
15,0.0
15,5280.0
15,5280.0
15,12.0
15,5240.0
15,5240.0
15,5240.0
15,16.0
15,2250.0
15,210.0
15,1240.0
15,4230.0
15,50.0
15,5240.0
15,5240.0
15,5240.0
15,3260.0
15,5280.0
15,50.0
15,2250.0
15,5240.0
15,50.0
15,0.0
15,0.0
15,0.0
15,0.0
15,0.0
15,0.0
15,0.0
15,0.0
15,0.0
15,0.0
15,0.0
15,0.0
15,0.0
15,0.0
15,0.0
15,0.0
15,0.0
15,0.0
15,0.0
15,0.0
16,50.0
16,5280.0
16,4270.0
16,5280.0
16,3260.0
16,5280.0
16,3260.0
16,220.0
16,180.0
16,5240.0
16,180.0
16,5240.0
16,5240.0
16,5240.0
16,5240.0
16,5240.0
16,5240.0
16,5240.0
16,90.0
16,0.0
16,5240.0
16,5280.0
16,2250.0
16,58.0
16,5280.0
16,192.0
16,4270.0
16,2250.0
16,5280.0
16,3260.0
16,0.0
16,90.0
16,5240.0
16,5240.0
16,5240.0
16,5240.0
16,62.0
16,5280.0
16,5280.0
16,5280.0
16,182.0
16,5280.0
16,220.0
16,220.0
16,58.0
16,54.0
16,5280.0
16,3260.0
16,3260.0
16,5240.0
17,0.0
17,0.0
17,3260.0
17,5280.0
17,5280.0
17,50.0
17,5280.0
17,110.0
17,5280.0
17,5280.0
17,5280.0
17,0.0
17,5280.0
17,0.0
17,115.0
17,2268.0
17,50.0
17,143.0
17,5280.0
17,90.0
17,5240.0
17,5240.0
17,5240.0
17,0.0
17,5240.0
17,5240.0
17,5240.0
17,5240.0
17,90.0
17,5280.0
17,5280.0
17,5280.0
17,3260.0
17,3260.0
17,5280.0
17,5280.0
17,5280.0
17,5280.0
17,3260.0
17,5240.0
17,5240.0
17,5240.0
17,5240.0
17,5240.0
17,5240.0
17,5240.0
17,5280.0
17,16.0
17,5280.0
17,5280.0
17,0.0
17,0.0
17,0.0
17,0.0
17,0.0
17,0.0
17,0.0
17,0.0
17,0.0
17,0.0
17,0.0
17,0.0
17,0.0
18,69.5
18,5280.0
18,5280.0
18,120.0
18,5280.0
18,5280.0
18,50.0
18,5280.0
18,5280.0
18,5280.0
18,5280.0
18,58.0
18,5280.0
18,5280.0
18,5280.0
18,0.0
18,5280.0
18,0.0
18,0.0
18,5240.0
18,5240.0
18,5240.0
18,5240.0
18,5240.0
18,5280.0
18,5280.0
18,5280.0
18,5280.0
18,230.0
18,5280.0
18,50.0
18,5280.0
18,2218.0
18,5280.0
18,58.0
18,5280.0
18,5280.0
18,142.0
18,50.0
18,5280.0
18,58.0
18,5280.0
18,5280.0
18,5280.0
18,6250.0
18,0.0
18,5280.0
18,110.0
18,5280.0
18,0.0
18,0.0
18,0.0
18,0.0
18,0.0
18,0.0
18,0.0
18,0.0
18,0.0
18,0.0
19,2685.0
19,5280.0
19,5282.0
19,5280.0
19,5280.0
19,2250.0
19,5280.0
19,5280.0
19,16.0
19,3260.0
19,5280.0
19,5280.0
19,0.0
19,5280.0
19,3260.0
19,5280.0
19,4270.0
19,5280.0
19,2210.0
19,3260.0
19,5280.0
19,5282.0
19,180.0
19,5280.0
19,3260.0
19,220.0
19,90.0
19,220.0
19,3260.0
19,90.0
19,5280.0
19,140.0
19,5280.0
19,54.0
19,4270.0
19,5280.0
19,0.0
19,16.0
19,5240.0
19,3220.0
19,4230.0
19,0.0
19,0.0
19,5280.0
19,118.0
19,5280.0
19,5280.0
19,5280.0
19,5280.0
19,5280.0
19,0.0
19,0.0
19,0.0
19,0.0
19,0.0
19,0.0
19,0.0
19,0.0
19,0.0
20,1200.0
20,50.0
20,0.0
20,0.0
20,5280.0
20,1240.0
20,80.0
20,5280.0
20,5280.0
20,5280.0
20,4270.0
20,5280.0
20,5280.0
20,5280.0
20,5280.0
20,5280.0
20,4270.0
20,5280.0
20,5280.0
20,5280.0
20,2207.0
20,4270.0
20,5280.0
20,5280.0
20,220.0
20,0.0
20,110.0
20,16.0
20,3260.0
20,5280.0
20,130.0
20,5280.0
20,5280.0
20,5280.0
20,5280.0
20,5280.0
20,5280.0
20,84.00001
20,0.0
20,2250.0
20,5280.0
20,5282.0
20,2250.0
20,5280.0
20,3220.0
20,3220.0
20,2360.0
20,0.0
20,1300.0
20,0.0
20,0.0
20,0.0
20,0.0
20,0.0
20,0.0
20,0.0
20,0.0
20,0.0
20,0.0
20,0.0
20,0.0
20,0.0
20,0.0
20,0.0
20,0.0
21,1225.0
21,0.0
21,2310.0
21,1350.0
21,1250.0
21,1300.0
21,1300.0
21,2310.0
21,1300.0
21,2310.0
21,1250.0
21,50.0
21,50.0
21,2360.0
21,2310.0
21,0.0
21,2310.0
21,0.0
21,1300.0
21,1250.0
21,1350.0
21,1300.0
21,4230.0
21,120.0
21,1300.0
21,1350.0
21,50.0
21,3270.0
21,2252.0
21,4230.0
21,70.0
21,140.0
21,2210.0
21,1250.0
21,1250.0
21,4280.0
21,3220.0
21,0.0
21,0.0
21,2280.0
21,1230.0
21,0.0
21,3220.0
21,2210.0
21,54.0
21,3270.0
21,3220.0
21,4280.0
21,1200.0
21,0.0
21,0.0
21,0.0
21,0.0
21,0.0
21,0.0
21,0.0
21,0.0
21,0.0
21,0.0
21,0.0
21,0.0
21,0.0
21,0.0
21,0.0
21,0.0
21,0.0
21,0.0
21,0.0
21,0.0
21,0.0
21,0.0
21,0.0
21,0.0
21,0.0
21,0.0
21,0.0
21,0.0
21,0.0
21,0.0
21,0.0
21,0.0
22,3220.0
22,3270.0
22,0.0
22,2210.0
22,3220.0
22,3220.0
22,3220.0
22,2210.0
22,1250.0
22,0.0
22,3250.0
22,2210.0
22,2210.0
22,2210.0
22,3220.0
22,2210.0
22,3220.0
22,2210.0
22,3270.0
22,1200.0
22,4280.0
22,0.0
22,2305.0
22,3220.0
22,3220.0
22,1258.0
22,2212.0
22,2210.0
22,4238.0
22,2234.0
22,2210.0
22,4282.0
22,2210.0
22,54.0
22,2210.0
22,3242.0
22,2210.0
22,4288.0
22,3220.0
22,2250.0
22,0.0
22,2210.0
22,0.0
22,2210.0
22,2210.0
22,3220.0
22,1200.0
22,0.0
22,0.0
22,4280.0
22,0.0
23,3270.0
23,3272.0
23,2210.0
23,3220.0
23,4238.0
23,3260.0
23,0.0
23,3220.0
23,2250.0
23,4280.0
23,3220.0
23,2232.0
23,4230.0
23,3220.0
23,1200.0
23,230.0
23,2210.0
23,4280.0
23,0.0
23,1250.0
23,2210.0
23,0.0
23,0.0
23,2210.0
23,6250.0
23,3220.0
23,3220.0
23,4280.0
23,50.0
23,3220.0
23,2210.0
23,4240.0
23,0.0
23,3280.0
23,50.0
23,0.0
23,4230.0
23,3220.0
23,2222.0
23,2210.0
23,1240.0
23,3260.0
23,3220.0
23,3220.0
23,1208.0
23,3270.0
23,3270.0
23,2210.0
23,3260.0
23,2210.0
23,0.0
23,0.0
23,0.0
23,0.0
23,0.0
23,0.0
23,0.0
23,0.0
23,0.0
23,0.0
23,0.0
23,0.0
23,0.0
23,0.0
23,0.0
23,0.0
23,0.0
23,0.0
23,0.0
23,0.0
23,0.0
23,0.0
23,0.0
23,0.0
23,0.0
23,0.0
23,0.0
24,3180.0
24,5240.0
24,5240.0
24,3240.0
24,5244.0
24,2214.0
24,3250.0
24,2220.0
24,1230.0
24,2240.0
24,3250.0
24,2220.0
24,2230.0
24,0.0
24,1230.0
24,3240.0
24,3250.0
24,5260.0
24,5260.0
24,3240.0
24,4270.0
24,50.0
24,0.0
24,2212.0
24,50.0
24,3260.0
24,4280.0
24,3230.0
24,58.0
24,5290.0
24,4280.0
24,5290.0
24,4230.0
24,0.0
24,58.0
24,1230.0
24,2210.0
24,1200.0
24,0.0
24,1240.0
24,5270.0
24,3220.0
24,3250.0
24,2250.0
24,5290.0
24,50.0
24,1206.0
24,5280.0
24,1210.0
24,2260.0
24,0.0
25,3260.0
25,3270.0
25,3260.0
25,2230.0
25,3270.0
25,0.0
25,1200.0
25,0.0
25,1240.0
25,54.0
25,2260.0
25,2230.0
25,2230.0
25,135.0
25,6270.0
25,5290.0
25,4280.0
25,2250.0
25,0.0
25,2210.0
25,58.0
25,3220.0
25,2216.0
25,4270.0
25,2250.0
25,0.0
25,0.0
25,4232.0
25,2230.0
25,2230.0
25,3230.0
25,3270.0
25,0.0
25,4280.0
25,5290.0
25,2240.0
25,5290.0
25,0.0
25,2240.0
25,0.0
25,102.0
25,2216.0
25,0.0
25,2230.0
25,1250.0
25,3270.0
25,3240.0
25,3270.0
25,3250.0
25,2250.0
25,0.0
25,0.0
25,0.0
25,0.0
25,0.0
25,0.0
25,0.0
25,0.0
26,4745.0
26,3270.0
26,3270.0
26,5290.0
26,4280.0
26,3270.0
26,2250.0
26,3240.0
26,4280.0
26,0.0
26,2260.0
26,5290.0
26,0.0
26,4260.0
26,5280.0
26,5260.0
26,150.0
26,5270.0
26,80.0
26,3270.0
26,5290.0
26,54.0
26,2240.0
26,1250.0
26,1250.0
26,3270.0
26,4280.0
26,4280.0
26,5280.0
26,1250.0
26,5290.0
26,0.0
26,3270.0
26,3250.0
26,262.0
26,3270.0
26,5290.0
26,2250.0
26,4270.0
26,2250.0
26,2210.0
26,5290.0
26,2240.0
26,4256.0
26,5270.0
26,5274.0
26,2230.0
26,0.0
26,4280.0
26,3220.0
26,0.0
26,0.0
26,0.0
26,0.0
26,0.0
26,0.0
26,0.0
26,0.0
26,0.0
26,0.0
26,0.0
26,0.0
27,3240.0
27,4280.0
27,2220.0
27,3284.0
27,1230.0
27,4280.0
27,2240.0
27,5280.0
27,4280.0
27,3250.0
27,4280.0
27,2230.0
27,1220.0
27,5290.0
27,5290.0
27,1250.0
27,1250.0
27,5270.0
27,2240.0
27,5270.0
27,4280.0
27,5290.0
27,6300.0
27,4280.0
27,4280.0
27,3220.0
27,2260.0
27,3260.0
27,4280.0
27,5280.0
27,2240.0
27,5290.0
27,5270.0
27,3240.0
27,3270.0
27,4280.0
27,2210.0
27,2260.0
27,3270.0
27,3222.0
27,2212.0
27,4280.0
27,1250.0
27,3270.0
27,2260.0
27,3270.0
27,4280.0
27,3220.0
27,5240.0
27,3240.0
27,0.0
27,0.0
27,0.0
27,0.0
27,0.0
27,0.0
27,0.0
27,0.0
27,0.0
27,0.0
27,0.0
27,0.0
27,0.0
28,4770.0
28,4288.0
28,6308.0
28,5264.0
28,1230.0
28,2210.0
28,4282.0
28,2210.0
28,1230.0
28,0.0
28,3220.0
28,3260.0
28,2210.0
28,3220.0
28,4280.0
28,1230.0
28,6308.0
28,107.999985
28,90.0
28,4280.0
28,2210.0
28,3240.0
28,2210.0
28,4260.0
28,2250.0
28,3220.0
28,1230.0
28,2230.0
28,5290.0
28,4280.0
28,2210.0
28,5240.0
28,3250.0
28,3270.0
28,3220.0
28,1250.0
28,4280.0
28,5290.0
28,0.0
28,5280.0
28,2210.0
28,3220.0
28,0.0
28,3270.0
28,2260.0
28,3260.0
28,4288.0
28,5290.0
28,5290.0
28,6250.0
28,0.0
28,0.0
28,0.0
28,0.0
28,0.0
28,0.0
29,6300.0
29,5290.0
29,2240.0
29,3270.0
29,3240.0
29,2240.0
29,4280.0
29,2260.0
29,2250.0
29,1250.0
29,5274.0
29,2240.0
29,3280.0
29,2210.0
29,2260.0
29,3270.0
29,5240.0
29,0.0
29,5240.0
29,3220.0
29,1250.0
29,3220.0
29,0.0
29,4280.0
29,1240.0
29,2210.0
29,2250.0
29,3230.0
29,2210.0
29,3270.0
29,1250.0
29,2260.0
29,3270.0
29,3270.0
29,4280.0
29,1250.0
29,2240.0
29,4280.0
29,50.0
29,3270.0
29,1250.0
29,1250.0
29,4280.0
29,5270.0
29,2240.0
29,2268.0
29,0.0
29,3278.0
29,5290.0
29,3260.0
30,2715.0
30,2250.0
30,2250.0
30,1250.0
30,3220.0
30,3220.0
30,3270.0
30,1240.0
30,2260.0
30,4280.0
30,1230.0
30,3246.0
30,4330.0
30,0.0
30,5290.0
30,1250.0
30,3220.0
30,3260.0
30,5366.0
30,0.0
30,5240.0
30,3250.0
30,3240.0
30,3220.0
30,5290.0
30,2262.0
30,50.0
30,6250.0
30,5240.0
30,4280.0
30,3266.0
30,2230.0
30,150.0
30,3250.0
30,2210.0
30,4280.0
30,6300.0
30,1200.0
30,5260.0
30,3220.0
30,1240.0
30,4280.0
30,0.0
30,2230.0
30,3270.0
30,5290.0
30,5290.0
30,4280.0
30,50.0
30,1250.0
30,0.0
30,0.0
30,0.0
30,0.0
30,0.0
30,0.0
