Generation,Fitness,Victory
0,0.0,0
0,0.0,0
0,0.0,0
0,0.0,0
0,0.0,0
0,0.0,0
0,50.0,0
0,0.0,0
0,0.0,0
0,0.0,0
0,0.0,0
0,0.0,0
0,0.0,0
0,0.0,0
0,50.0,0
0,0.0,0
0,0.0,0
0,0.0,0
0,50.0,0
0,0.0,0
0,16.0,0
0,0.0,0
0,0.0,0
0,0.0,0
0,7734.0,1
0,20.0,0
0,0.0,0
0,4.0,0
0,50.0,0
0,55.0,0
0,0.0,0
0,0.0,0
0,20.0,0
0,20.0,0
0,0.0,0
0,4.0,0
0,0.0,0
0,0.0,0
0,0.0,0
0,54.0,0
0,0.0,0
0,0.0,0
0,120.0,0
0,0.0,0
0,0.0,0
0,50.0,0
0,0.0,0
0,0.0,0
0,50.0,0
0,50.0,0
1,3968.0,1
1,100.0,0
1,0.0,0
1,50.0,0
1,50.0,0
1,1703.0,1
1,1709.0,1
1,1702.0,1
1,100.0,0
1,0.0,0
1,50.0,0
1,50.0,0
1,50.0,0
1,50.0,0
1,50.0,0
1,50.0,0
1,196.0,0
1,0.0,0
1,350.00006,0
1,3715.0,1
1,100.0,0
1,0.0,0
1,4720.0,1
1,100.0,0
1,0.0,0
1,50.0,0
1,58.0,0
1,50.0,0
1,50.0,0
1,50.0,0
1,1706.0,1
1,105.0,0
1,0.0,0
1,50.0,0
1,1704.0,1
1,50.0,0
1,50.0,0
1,50.0,0
1,50.0,0
1,3723.0,1
1,50.0,0
1,50.0,0
1,50.0,0
1,0.0,0
1,66.0,0
1,50.0,0
1,0.0,0
1,50.0,0
1,0.0,0
1,50.0,0
2,3463.5,1
2,2708.0,1
2,1703.0,1
2,3716.0,1
2,2715.0,1
2,3715.0,1
2,4724.0,1
2,2708.0,1
2,1704.0,1
2,1707.0,1
2,2706.0,1
2,3714.0,1
2,2706.0,1
2,1707.0,1
2,4715.0,1
2,4716.0,1
2,2713.0,1
2,2708.0,1
2,1708.0,1
2,1710.0,1
2,1708.0,1
2,2710.0,1
2,2716.0,1
2,1758.0,1
2,2711.0,1
2,2712.0,1
2,4729.0,1
2,4724.0,1
2,2709.0,1
2,3714.0,1
2,105.0,0
2,2708.0,1
2,0.0,0
2,326.0,0
2,195.0,0
2,105.0,0
2,100.0,0
2,100.0,0
2,100.0,0
2,100.0,0
2,92.0,0
2,50.0,0
2,50.0,0
2,50.0,0
2,1706.0,1
2,1709.0,1
2,3715.0,1
2,1705.0,1
2,1704.0,1
2,2714.0,1
2,0.0,0
2,0.0,0
3,2463.0,1
3,1706.0,1
3,0.0,0
3,2711.0,1
3,1708.0,1
3,1708.0,1
3,3718.0,1
3,0.0,0
3,95.999985,0
3,1708.0,1
3,3714.0,1
3,1704.0,1
3,1710.0,1
3,1709.0,1
3,1703.0,1
3,1711.0,1
3,3718.0,1
3,3710.0,1
3,2713.0,1
3,2713.0,1
3,2711.0,1
3,3717.0,1
3,1705.0,1
3,0.0,0
3,2708.0,1
3,3710.0,1
3,0.0,0
3,3718.0,1
3,3712.0,1
3,0.0,0
3,3711.0,1
3,5732.0,1
3,3712.0,1
3,3717.0,1
3,1709.0,1
3,4720.0,1
3,2709.0,1
3,4717.0,1
3,1709.0,1
3,3716.0,1
3,3720.0,1
3,1703.0,1
3,1702.0,1
3,0.0,0
3,2708.0,1
3,4722.0,1
3,1705.0,1
3,1701.0,1
3,4718.0,1
3,2705.0,1
4,1457.0,1
4,1707.0,1
4,3718.0,1
4,1701.0,1
4,1703.0,1
4,3712.0,1
4,1703.0,1
4,2711.0,1
4,4724.0,1
4,4718.0,1
4,1703.0,1
4,1706.0,1
4,7735.0,1
4,1770.0,1
4,7731.0,1
4,2712.0,1
4,1707.0,1
4,0.0,0
4,2706.0,1
4,1705.0,1
4,1706.0,1
4,0.0,0
4,3713.0,1
4,2708.0,1
4,1703.0,1
4,4722.0,1
4,2708.0,1
4,1705.0,1
4,5723.0,1
4,6729.0,1
4,1707.0,1
4,0.0,0
4,5720.0,1
4,1707.0,1
4,3716.0,1
4,2708.0,1
4,1701.0,1
4,1701.0,1
4,3720.0,1
4,2712.0,1
4,2707.0,1
4,1702.0,1
4,3711.0,1
4,0.0,0
4,2708.0,1
4,4723.0,1
4,0.0,0
4,1708.0,1
4,0.0,0
4,1705.0,1
4,0.0,0
4,0.0,0
4,0.0,0
4,0.0,0
4,0.0,0
4,0.0,0
4,0.0,0
4,0.0,0
4,0.0,0
5,3464.0,1
5,2707.0,1
5,3718.0,1
5,2710.0,1
5,1707.0,1
5,3713.0,1
5,3712.0,1
5,5726.0,1
5,1708.0,1
5,3716.0,1
5,78.99999,0
5,3714.0,1
5,2707.0,1
5,1704.0,1
5,3719.0,1
5,2712.0,1
5,2712.0,1
5,6730.0,1
5,3721.0,1
5,2710.0,1
5,0.0,0
5,2706.0,1
5,4719.0,1
5,4724.0,1
5,1772.0,1
5,1703.0,1
5,5721.0,1
5,3716.0,1
5,3719.0,1
5,1701.0,1
5,50.0,0
5,4716.0,1
5,1708.0,1
5,1704.0,1
5,4724.0,1
5,3713.0,1
5,4722.0,1
5,1701.0,1
5,6730.0,1
5,1704.0,1
5,4717.0,1
5,50.0,0
5,2708.0,1
5,3712.0,1
5,50.0,0
5,5726.0,1
5,3720.0,1
5,1703.0,1
5,80.0,0
5,1736.0,1
5,0.0,0
5,0.0,0
5,0.0,0
5,0.0,0
5,0.0,0
5,0.0,0
5,0.0,0
5,0.0,0
5,0.0,0
5,0.0,0
5,0.0,0
5,0.0,0
5,0.0,0
5,0.0,0
6,2461.0,1
6,2715.0,1
6,3718.0,1
6,1707.0,1
6,3715.0,1
6,2708.0,1
6,0.0,0
6,2710.0,1
6,1706.0,1
6,1707.0,1
6,1701.0,1
6,2710.0,1
6,6730.0,1
6,1702.0,1
6,3713.0,1
6,1701.0,1
6,5724.0,1
6,3712.0,1
6,3711.0,1
6,2709.0,1
6,3717.0,1
6,5724.0,1
6,3713.0,1
6,2708.0,1
6,1708.0,1
6,2705.0,1
6,2709.0,1
6,0.0,0
6,2714.0,1
6,1705.0,1
6,1703.0,1
6,4716.0,1
6,6729.0,1
6,1702.0,1
6,6727.0,1
6,1704.0,1
6,3719.0,1
6,1709.0,1
6,1704.0,1
6,5725.0,1
6,1706.0,1
6,1711.0,1
6,7737.0,1
6,3712.0,1
6,1707.0,1
6,2713.0,1
6,1700.0,1
6,2707.0,1
6,1703.0,1
6,2709.0,1
6,0.0,0
6,0.0,0
6,0.0,0
6,0.0,0
6,0.0,0
6,0.0,0
6,0.0,0
6,0.0,0
6,0.0,0
7,1960.0,1
7,1701.0,1
7,2713.0,1
7,4720.0,1
7,2705.0,1
7,2713.0,1
7,2708.0,1
7,1703.0,1
7,2709.0,1
7,5725.0,1
7,1709.0,1
7,3721.0,1
7,1701.0,1
7,3717.0,1
7,6733.0,1
7,5721.0,1
7,4727.0,1
7,4724.0,1
7,2711.0,1
7,1705.0,1
7,0.0,0
7,0.0,0
7,0.0,0
7,4715.0,1
7,1707.0,1
7,2709.0,1
7,5723.0,1
7,1702.0,1
7,0.0,0
7,3715.0,1
7,1707.0,1
7,2713.0,1
7,5726.0,1
7,4720.0,1
7,1702.0,1
7,2706.0,1
7,2708.0,1
7,4719.0,1
7,3710.0,1
7,2706.0,1
7,1701.0,1
7,3714.0,1
7,1702.0,1
7,2711.0,1
7,2706.0,1
7,258.0,0
7,1702.0,1
7,20.0,0
7,2712.0,1
7,0.0,0
7,0.0,0
7,0.0,0
7,0.0,0
7,0.0,0
7,0.0,0
7,0.0,0
7,0.0,0
7,0.0,0
7,0.0,0
7,0.0,0
7,0.0,0
7,0.0,0
7,0.0,0
8,4971.0,1
8,1708.0,1
8,1707.0,1
8,2714.0,1
8,1706.0,1
8,3717.0,1
8,1704.0,1
8,50.0,0
8,2707.0,1
8,4726.0,1
8,2709.0,1
8,1702.0,1
8,50.0,0
8,2710.0,1
8,6726.0,1
8,2709.0,1
8,3710.0,1
8,5725.0,1
8,2709.0,1
8,7730.0,1
8,2716.0,1
8,2706.0,1
8,1710.0,1
8,87.999985,0
8,3715.0,1
8,3712.0,1
8,2713.0,1
8,4723.0,1
8,3711.0,1
8,2713.0,1
8,0.0,0
8,1711.0,1
8,2712.0,1
8,102.0,0
8,3719.0,1
8,2710.0,1
8,3714.0,1
8,6730.0,1
8,0.0,0
8,1708.0,1
8,3713.0,1
8,3714.0,1
8,4717.0,1
8,50.0,0
8,2714.0,1
8,1701.0,1
8,1702.0,1
8,4718.0,1
8,0.0,0
8,1701.0,1
8,0.0,0
8,0.0,0
8,0.0,0
9,2962.0,1
9,1708.0,1
9,1712.0,1
9,1705.0,1
9,4720.0,1
9,2712.0,1
9,5724.0,1
9,3714.0,1
9,0.0,0
9,3716.0,1
9,1702.0,1
9,4720.0,1
9,1703.0,1
9,2712.0,1
9,1705.0,1
9,1703.0,1
9,6731.0,1
9,2713.0,1
9,1711.0,1
9,4718.0,1
9,3718.0,1
9,0.0,0
9,2706.0,1
9,4723.0,1
9,4724.0,1
9,2710.0,1
9,1709.0,1
9,2711.0,1
9,3719.0,1
9,1704.0,1
9,3713.0,1
9,0.0,0
9,1704.0,1
9,3716.0,1
9,3714.0,1
9,3719.0,1
9,4722.0,1
9,7731.0,1
9,3714.0,1
9,1704.0,1
9,1708.0,1
9,2712.0,1
9,1704.0,1
9,3715.0,1
9,0.0,0
9,2708.0,1
9,1705.0,1
9,1707.0,1
9,2711.0,1
9,1709.0,1
9,0.0,0
9,0.0,0
9,0.0,0
9,0.0,0
9,0.0,0
9,0.0,0
9,0.0,0
9,0.0,0
9,0.0,0
9,0.0,0
9,0.0,0
9,0.0,0
10,4470.5,1
10,4720.0,1
10,0.0,0
10,5726.0,1
10,1705.0,1
10,5724.0,1
10,2710.0,1
10,0.0,0
10,3719.0,1
10,3720.0,1
10,6731.0,1
10,5721.0,1
10,2713.0,1
10,1702.0,1
10,3714.0,1
10,3717.0,1
10,1709.0,1
10,4721.0,1
10,0.0,0
10,3711.0,1
10,3719.0,1
10,50.0,0
10,2711.0,1
10,2709.0,1
10,4722.0,1
10,3712.0,1
10,2708.0,1
10,1706.0,1
10,1701.0,1
10,1701.0,1
10,3711.0,1
10,6730.0,1
10,2711.0,1
10,6726.0,1
10,2712.0,1
10,3715.0,1
10,2712.0,1
10,4717.0,1
10,2706.0,1
10,1707.0,1
10,70.0,0
10,1702.0,1
10,4717.0,1
10,1703.0,1
10,0.0,0
10,1706.0,1
10,6731.0,1
10,1710.0,1
10,1704.0,1
10,5730.0,1
10,0.0,0
10,0.0,0
10,0.0,0
10,0.0,0
10,0.0,0
10,0.0,0
10,0.0,0
10,0.0,0
10,0.0,0
10,0.0,0
10,0.0,0
10,0.0,0
10,0.0,0
10,0.0,0
10,0.0,0
10,0.0,0
10,0.0,0
10,0.0,0
10,0.0,0
10,0.0,0
10,0.0,0
10,0.0,0
10,0.0,0
10,0.0,0
10,0.0,0
10,0.0,0
10,0.0,0
10,0.0,0
10,0.0,0
10,0.0,0
10,0.0,0
10,0.0,0
10,0.0,0
10,0.0,0
10,0.0,0
10,0.0,0
10,0.0,0
10,0.0,0
10,0.0,0
10,0.0,0
10,0.0,0
10,0.0,0
10,0.0,0
10,0.0,0
11,4469.5,1
11,2709.0,1
11,4721.0,1
11,1703.0,1
11,4726.0,1
11,2708.0,1
11,3718.0,1
11,2709.0,1
11,3717.0,1
11,2707.0,1
11,4724.0,1
11,2706.0,1
11,1703.0,1
11,3712.0,1
11,5722.0,1
11,2715.0,1
11,2712.0,1
11,5730.0,1
11,2710.0,1
11,3715.0,1
11,2711.0,1
11,2711.0,1
11,1708.0,1
11,5723.0,1
11,1708.0,1
11,1703.0,1
11,1706.0,1
11,2706.0,1
11,3710.0,1
11,1704.0,1
11,4718.0,1
11,1701.0,1
11,1704.0,1
11,1700.0,1
11,3718.0,1
11,2713.0,1
11,0.0,0
11,0.0,0
11,50.0,0
11,2714.0,1
11,16.0,0
11,3720.0,1
11,50.0,0
11,5725.0,1
11,2709.0,1
11,5727.0,1
11,1709.0,1
11,1703.0,1
11,2708.0,1
11,2708.0,1
11,0.0,0
11,0.0,0
12,1956.5,1
12,1701.0,1
12,0.0,0
12,0.0,0
12,2709.0,1
12,3716.0,1
12,3715.0,1
12,3715.0,1
12,4720.0,1
12,2708.0,1
12,2715.0,1
12,1705.0,1
12,1710.0,1
12,5729.0,1
12,1706.0,1
12,7736.0,1
12,2706.0,1
12,1703.0,1
12,16.0,0
12,1702.0,1
12,4725.0,1
12,2709.0,1
12,1701.0,1
12,2711.0,1
12,4718.0,1
12,1701.0,1
12,3715.0,1
12,2713.0,1
12,50.0,0
12,1702.0,1
12,0.0,0
12,2709.0,1
12,1705.0,1
12,4718.0,1
12,2709.0,1
12,6727.0,1
12,5724.0,1
12,1704.0,1
12,3713.0,1
12,2708.0,1
12,2708.0,1
12,1706.0,1
12,1707.0,1
12,2713.0,1
12,5724.0,1
12,1704.0,1
12,5721.0,1
12,2715.0,1
12,1704.0,1
12,2708.0,1
12,0.0,0
12,0.0,0
12,0.0,0
12,0.0,0
12,0.0,0
12,0.0,0
12,0.0,0
12,0.0,0
12,0.0,0
12,0.0,0
12,0.0,0
12,0.0,0
12,0.0,0
13,2458.0,1
13,50.0,0
13,20.0,0
13,3714.0,1
13,2713.0,1
13,2708.0,1
13,3713.0,1
13,0.0,0
13,4721.0,1
13,1706.0,1
13,3715.0,1
13,1703.0,1
13,4718.0,1
13,1703.0,1
13,3715.0,1
13,55.0,0
13,4723.0,1
13,3712.0,1
13,1702.0,1
13,2709.0,1
13,3711.0,1
13,2708.0,1
13,6729.0,1
13,2714.0,1
13,3717.0,1
13,4719.0,1
13,3718.0,1
13,4718.0,1
13,4723.0,1
13,1710.0,1
13,5721.0,1
13,4720.0,1
13,5723.0,1
13,5722.0,1
13,2711.0,1
13,1730.0,1
13,1704.0,1
13,1709.0,1
13,1705.0,1
13,3717.0,1
13,3715.0,1
13,1704.0,1
13,1707.0,1
13,5724.0,1
13,4722.0,1
13,1706.0,1
13,3717.0,1
13,1702.0,1
13,7730.0,1
13,1704.0,1
13,0.0,0
13,0.0,0
13,0.0,0
13,0.0,0
13,0.0,0
13,0.0,0
13,0.0,0
13,0.0,0
13,0.0,0
14,2484.5,1
14,3714.0,1
14,3719.0,1
14,1702.0,1
14,2707.0,1
14,2707.0,1
14,1704.0,1
14,6730.0,1
14,2706.0,1
14,4721.0,1
14,5724.0,1
14,3715.0,1
14,5725.0,1
14,4719.0,1
14,1704.0,1
14,1701.0,1
14,3714.0,1
14,2708.0,1
14,4719.0,1
14,7733.0,1
14,4719.0,1
14,1707.0,1
14,4716.0,1
14,3715.0,1
14,50.0,0
14,1708.0,1
14,5724.0,1
14,1706.0,1
14,2709.0,1
14,3710.0,1
14,4718.0,1
14,2709.0,1
14,2740.0,1
14,1706.0,1
14,1706.0,1
14,1704.0,1
14,6729.0,1
14,2706.0,1
14,1700.0,1
14,1702.0,1
14,1700.0,1
14,2707.0,1
14,3716.0,1
14,3710.0,1
14,1703.0,1
14,0.0,0
14,2712.0,1
14,1703.0,1
14,4717.0,1
14,2709.0,1
14,0.0,0
14,0.0,0
14,0.0,0
14,0.0,0
14,0.0,0
14,0.0,0
14,0.0,0
14,0.0,0
14,0.0,0
14,0.0,0
14,0.0,0
14,0.0,0
14,0.0,0
14,0.0,0
14,0.0,0
14,0.0,0
14,0.0,0
14,0.0,0
14,0.0,0
14,0.0,0
14,0.0,0
14,0.0,0
14,0.0,0
14,0.0,0
14,0.0,0
14,0.0,0
15,1955.0,1
15,4721.0,1
15,3717.0,1
15,2706.0,1
15,2709.0,1
15,2709.0,1
15,4717.0,1
15,1703.0,1
15,1700.0,1
15,5722.0,1
15,1704.0,1
15,3716.0,1
15,1705.0,1
15,0.0,0
15,5726.0,1
15,4722.0,1
15,1704.0,1
15,1700.0,1
15,1705.0,1
15,1704.0,1
15,3713.0,1
15,2744.0,1
15,3713.0,1
15,3713.0,1
15,1702.0,1
15,6729.0,1
15,3717.0,1
15,1703.0,1
15,3714.0,1
15,50.0,0
15,5723.0,1
15,1706.0,1
15,6730.0,1
15,3718.0,1
15,6730.0,1
15,2707.0,1
15,4720.0,1
15,2708.0,1
15,5727.0,1
15,1702.0,1
15,2710.0,1
15,2707.0,1
15,102.0,0
15,3715.0,1
15,3722.0,1
15,3711.0,1
15,5728.0,1
15,5726.0,1
15,3717.0,1
15,1702.0,1
15,0.0,0
15,0.0,0
15,0.0,0
15,0.0,0
15,0.0,0
15,0.0,0
15,0.0,0
15,0.0,0
15,0.0,0
15,0.0,0
15,0.0,0
15,0.0,0
15,0.0,0
15,0.0,0
16,3965.5,1
16,3711.0,1
16,2707.0,1
16,4727.0,1
16,2708.0,1
16,1705.0,1
16,5723.0,1
16,1705.0,1
16,7733.0,1
16,5722.0,1
16,62.0,0
16,1705.0,1
16,4723.0,1
16,0.0,0
16,1705.0,1
16,3719.0,1
16,4716.0,1
16,2709.0,1
16,2708.0,1
16,2706.0,1
16,1707.0,1
16,2709.0,1
16,3719.0,1
16,2714.0,1
16,5722.0,1
16,1700.0,1
16,6728.0,1
16,5729.0,1
16,2709.0,1
16,4719.0,1
16,3711.0,1
16,6729.0,1
16,5722.0,1
16,4722.0,1
16,2744.0,1
16,5721.0,1
16,5723.0,1
16,1703.0,1
16,3715.0,1
16,1708.0,1
16,2706.0,1
16,2713.0,1
16,1707.0,1
16,3720.0,1
16,1709.0,1
16,3711.0,1
16,5725.0,1
16,1707.0,1
16,3710.0,1
16,4720.0,1
16,0.0,0
16,0.0,0
16,0.0,0
16,0.0,0
16,0.0,0
16,0.0,0
16,0.0,0
16,0.0,0
16,0.0,0
17,1453.5,1
17,5723.0,1
17,2716.0,1
17,4726.0,1
17,2705.0,1
17,3713.0,1
17,1704.0,1
17,0.0,0
17,2715.0,1
17,3714.0,1
17,3721.0,1
17,3711.0,1
17,3715.0,1
17,2712.0,1
17,3717.0,1
17,1702.0,1
17,4719.0,1
17,4727.0,1
17,3710.0,1
17,2708.0,1
17,1703.0,1
17,7735.0,1
17,5724.0,1
17,55.0,0
17,1707.0,1
17,2713.0,1
17,1700.0,1
17,1705.0,1
17,3711.0,1
17,1720.0,1
17,4719.0,1
17,1704.0,1
17,1702.0,1
17,4715.0,1
17,1704.0,1
17,3713.0,1
17,2705.0,1
17,283.0,0
17,6730.0,1
17,0.0,0
17,1702.0,1
17,1702.0,1
17,4722.0,1
17,4721.0,1
17,1704.0,1
17,2714.0,1
17,3714.0,1
17,1701.0,1
17,7739.0,1
17,1704.0,1
17,0.0,0
17,0.0,0
17,0.0,0
17,0.0,0
17,0.0,0
17,0.0,0
17,0.0,0
17,0.0,0
17,0.0,0
17,0.0,0
18,3463.0,1
18,1709.0,1
18,1703.0,1
18,2713.0,1
18,2707.0,1
18,2708.0,1
18,2715.0,1
18,1711.0,1
18,1701.0,1
18,1710.0,1
18,2706.0,1
18,0.0,0
18,1703.0,1
18,2715.0,1
18,2709.0,1
18,3723.0,1
18,4719.0,1
18,7733.0,1
18,0.0,0
18,0.0,0
18,3721.0,1
18,1702.0,1
18,2707.0,1
18,6728.0,1
18,1709.0,1
18,2707.0,1
18,4718.0,1
18,1703.0,1
18,3714.0,1
18,2709.0,1
18,3717.0,1
18,0.0,0
18,2708.0,1
18,6728.0,1
18,2707.0,1
18,4719.0,1
18,2708.0,1
18,7734.0,1
18,4723.0,1
18,1704.0,1
18,4721.0,1
18,1705.0,1
18,5721.0,1
18,1708.0,1
18,2710.0,1
18,1703.0,1
18,5721.0,1
18,1702.0,1
18,1709.0,1
18,4717.0,1
18,0.0,0
18,0.0,0
18,0.0,0
18,0.0,0
18,0.0,0
18,0.0,0
18,0.0,0
18,0.0,0
18,0.0,0
18,0.0,0
18,0.0,0
18,0.0,0
18,0.0,0
18,0.0,0
18,0.0,0
18,0.0,0
19,1455.5,1
19,6730.0,1
19,5728.0,1
19,1708.0,1
19,3718.0,1
19,1738.0,1
19,2709.0,1
19,0.0,0
19,1710.0,1
19,1708.0,1
19,4720.0,1
19,4718.0,1
19,4718.0,1
19,1701.0,1
19,2710.0,1
19,1705.0,1
19,0.0,0
19,1704.0,1
19,4717.0,1
19,3713.0,1
19,1710.0,1
19,5725.0,1
19,1703.0,1
19,16.0,0
19,1702.0,1
19,0.0,0
19,2709.0,1
19,3712.0,1
19,6728.0,1
19,4715.0,1
19,3714.0,1
19,4718.0,1
19,3714.0,1
19,3712.0,1
19,1703.0,1
19,2706.0,1
19,1705.0,1
19,1704.0,1
19,5727.0,1
19,2708.0,1
19,1704.0,1
19,2715.0,1
19,3711.0,1
19,1703.0,1
19,3718.0,1
19,1710.0,1
19,4717.0,1
19,4719.0,1
19,4720.0,1
19,1702.0,1
19,0.0,0
19,0.0,0
19,0.0,0
19,0.0,0
19,0.0,0
20,3967.0,1
20,1702.0,1
20,1706.0,1
20,1700.0,1
20,4718.0,1
20,2711.0,1
20,3717.0,1
20,3713.0,1
20,4724.0,1
20,2710.0,1
20,3719.0,1
20,5726.0,1
20,3718.0,1
20,3711.0,1
20,4718.0,1
20,1705.0,1
20,5724.0,1
20,7733.0,1
20,2707.0,1
20,3714.0,1
20,4718.0,1
20,1702.0,1
20,1708.0,1
20,80.99999,0
20,2711.0,1
20,2712.0,1
20,2709.0,1
20,2714.0,1
20,1700.0,1
20,2710.0,1
20,0.0,0
20,1706.0,1
20,4721.0,1
20,1707.0,1
20,6729.0,1
20,1703.0,1
20,1702.0,1
20,3712.0,1
20,1706.0,1
20,2709.0,1
20,5724.0,1
20,3711.0,1
20,3712.0,1
20,1709.0,1
20,3712.0,1
20,1703.0,1
20,7733.0,1
20,1705.0,1
20,5723.0,1
20,5722.0,1
20,0.0,0
20,0.0,0
20,0.0,0
20,0.0,0
20,0.0,0
20,0.0,0
20,0.0,0
20,0.0,0
20,0.0,0
20,0.0,0
20,0.0,0
20,0.0,0
20,0.0,0
20,0.0,0
20,0.0,0
20,0.0,0
20,0.0,0
20,0.0,0
20,0.0,0
20,0.0,0
20,0.0,0
20,0.0,0
20,0.0,0
20,0.0,0
20,0.0,0
21,2963.5,1
21,1702.0,1
21,0.0,0
21,1700.0,1
21,0.0,0
21,4720.0,1
21,1703.0,1
21,6729.0,1
21,1704.0,1
21,3712.0,1
21,2707.0,1
21,4719.0,1
21,3713.0,1
21,1702.0,1
21,2707.0,1
21,3713.0,1
21,5722.0,1
21,1701.0,1
21,4720.0,1
21,3713.0,1
21,3710.0,1
21,2709.0,1
21,3721.0,1
21,2710.0,1
21,4719.0,1
21,2706.0,1
21,2709.0,1
21,0.0,0
21,0.0,0
21,2710.0,1
21,2708.0,1
21,2708.0,1
21,3713.0,1
21,4722.0,1
21,5720.0,1
21,4718.0,1
21,2708.0,1
21,1711.0,1
21,3712.0,1
21,2707.0,1
21,4718.0,1
21,2707.0,1
21,1706.0,1
21,2707.0,1
21,6730.0,1
21,1704.0,1
21,1711.0,1
21,4718.0,1
21,0.0,0
21,1703.0,1
21,0.0,0
21,0.0,0
22,3467.0,1
22,5722.0,1
22,1703.0,1
22,6731.0,1
22,1703.0,1
22,1705.0,1
22,5725.0,1
22,1701.0,1
22,3716.0,1
22,3717.0,1
22,6729.0,1
22,3711.0,1
22,1704.0,1
22,2707.0,1
22,3717.0,1
22,50.0,0
22,5722.0,1
22,1706.0,1
22,2710.0,1
22,1704.0,1
22,0.0,0
22,3717.0,1
22,1703.0,1
22,2709.0,1
22,1705.0,1
22,3711.0,1
22,3716.0,1
22,3713.0,1
22,1703.0,1
22,2707.0,1
22,1706.0,1
22,5723.0,1
22,5725.0,1
22,2709.0,1
22,2708.0,1
22,3715.0,1
22,4723.0,1
22,4719.0,1
22,1709.0,1
22,1701.0,1
22,1704.0,1
22,6728.0,1
22,2708.0,1
22,4720.0,1
22,1706.0,1
22,1705.0,1
22,3716.0,1
22,6728.0,1
22,2708.0,1
22,3713.0,1
22,0.0,0
22,0.0,0
22,0.0,0
22,0.0,0
22,0.0,0
22,0.0,0
23,2960.5,1
23,4718.0,1
23,2710.0,1
23,3716.0,1
23,5725.0,1
23,3712.0,1
23,1709.0,1
23,2708.0,1
23,4720.0,1
23,4718.0,1
23,4716.0,1
23,5721.0,1
23,3712.0,1
23,0.0,0
23,5724.0,1
23,2710.0,1
23,0.0,0
23,0.0,0
23,1706.0,1
23,2710.0,1
23,4719.0,1
23,3713.0,1
23,3715.0,1
23,1704.0,1
23,1702.0,1
23,4717.0,1
23,4719.0,1
23,1704.0,1
23,4722.0,1
23,2706.0,1
23,2708.0,1
23,50.0,0
23,1701.0,1
23,2707.0,1
23,0.0,0
23,2708.0,1
23,2707.0,1
23,3713.0,1
23,5725.0,1
23,2710.0,1
23,1704.0,1
23,2712.0,1
23,3714.0,1
23,5722.0,1
23,5723.0,1
23,2705.0,1
23,3710.0,1
23,2708.0,1
23,4720.0,1
23,1701.0,1
23,0.0,0
23,0.0,0
23,0.0,0
23,0.0,0
23,0.0,0
23,0.0,0
23,0.0,0
23,0.0,0
23,0.0,0
23,0.0,0
24,2458.5,1
24,2707.0,1
24,4716.0,1
24,3710.0,1
24,6727.0,1
24,4719.0,1
24,2707.0,1
24,2711.0,1
24,1703.0,1
24,5723.0,1
24,2712.0,1
24,2709.0,1
24,2707.0,1
24,3713.0,1
24,2709.0,1
24,2717.0,1
24,6727.0,1
24,50.0,0
24,1709.0,1
24,2714.0,1
24,3714.0,1
24,6730.0,1
24,5725.0,1
24,3711.0,1
24,6728.0,1
24,3712.0,1
24,3714.0,1
24,1703.0,1
24,2707.0,1
24,1702.0,1
24,2716.0,1
24,1701.0,1
24,2708.0,1
24,5722.0,1
24,3711.0,1
24,1705.0,1
24,4716.0,1
24,3716.0,1
24,1704.0,1
24,6728.0,1
24,6727.0,1
24,2708.0,1
24,2708.0,1
24,2715.0,1
24,1710.0,1
24,1704.0,1
24,6727.0,1
24,1711.0,1
24,2707.0,1
24,2713.0,1
25,2962.5,1
25,5722.0,1
25,16.0,0
25,7736.0,1
25,1701.0,1
25,1702.0,1
25,2707.0,1
25,5728.0,1
25,6727.0,1
25,2711.0,1
25,2712.0,1
25,4720.0,1
25,3714.0,1
25,1702.0,1
25,4723.0,1
25,4719.0,1
25,2709.0,1
25,3712.0,1
25,3712.0,1
25,3719.0,1
25,3714.0,1
25,5722.0,1
25,5723.0,1
25,1701.0,1
25,4719.0,1
25,2709.0,1
25,1702.0,1
25,0.0,0
25,1703.0,1
25,2706.0,1
25,2716.0,1
25,150.0,0
25,7735.0,1
25,2715.0,1
25,4720.0,1
25,1703.0,1
25,2710.0,1
25,1702.0,1
25,1704.0,1
25,5728.0,1
25,2709.0,1
25,1705.0,1
25,3713.0,1
25,4718.0,1
25,0.0,0
25,5728.0,1
25,3716.0,1
25,2711.0,1
25,1704.0,1
25,3714.0,1
25,0.0,0
25,0.0,0
25,0.0,0
25,0.0,0
25,0.0,0
25,0.0,0
25,0.0,0
25,0.0,0
25,0.0,0
25,0.0,0
25,0.0,0
25,0.0,0
25,0.0,0
25,0.0,0
25,0.0,0
25,0.0,0
25,0.0,0
25,0.0,0
25,0.0,0
26,0.0,0
26,1701.0,1
26,1703.0,1
26,1700.0,1
26,4716.0,1
26,1702.0,1
26,0.0,0
26,1700.0,1
26,2708.0,1
26,2706.0,1
26,0.0,0
26,2705.0,1
26,1701.0,1
26,1706.0,1
26,3711.0,1
26,1703.0,1
26,1706.0,1
26,2707.0,1
26,4717.0,1
26,4717.0,1
26,2709.0,1
26,4717.0,1
26,1701.0,1
26,3714.0,1
26,1702.0,1
26,1703.0,1
26,1706.0,1
26,3711.0,1
26,1702.0,1
26,3712.0,1
26,1702.0,1
26,1705.0,1
26,2708.0,1
26,2707.0,1
26,2707.0,1
26,4720.0,1
26,3714.0,1
26,4717.0,1
26,2706.0,1
26,2705.0,1
26,2705.0,1
26,4718.0,1
26,1703.0,1
26,3711.0,1
26,1707.0,1
26,4720.0,1
26,4717.0,1
26,2712.0,1
26,2708.0,1
26,1702.0,1
26,0.0,0
26,0.0,0
26,0.0,0
26,0.0,0
26,0.0,0
26,0.0,0
26,0.0,0
26,0.0,0
26,0.0,0
26,0.0,0
26,0.0,0
26,0.0,0
27,2459.0,1
27,2706.0,1
27,1702.0,1
27,3710.0,1
27,4718.0,1
27,1701.0,1
27,1703.0,1
27,2707.0,1
27,1702.0,1
27,1700.0,1
27,1703.0,1
27,1702.0,1
27,2711.0,1
27,4719.0,1
27,2708.0,1
27,1702.0,1
27,3715.0,1
27,4723.0,1
27,3720.0,1
27,4721.0,1
27,1704.0,1
27,1701.0,1
27,3712.0,1
27,0.0,0
27,4716.0,1
27,1700.0,1
27,1711.0,1
27,2706.0,1
27,4720.0,1
27,1705.0,1
27,1706.0,1
27,1705.0,1
27,3717.0,1
27,1703.0,1
27,1709.0,1
27,2717.0,1
27,5723.0,1
27,2710.0,1
27,1701.0,1
27,3760.0,1
27,3715.0,1
27,1702.0,1
27,4720.0,1
27,4720.0,1
27,2713.0,1
27,2712.0,1
27,2711.0,1
27,1708.0,1
27,1709.0,1
27,1708.0,1
27,0.0,0
27,0.0,0
27,0.0,0
27,0.0,0
27,0.0,0
27,0.0,0
27,0.0,0
27,0.0,0
28,4477.0,1
28,1704.0,1
28,5721.0,1
28,1709.0,1
28,3715.0,1
28,3713.0,1
28,5727.0,1
28,2712.0,1
28,3717.0,1
28,0.0,0
28,1706.0,1
28,1730.0,1
28,4724.0,1
28,2712.0,1
28,3714.0,1
28,4723.0,1
28,2710.0,1
28,1704.0,1
28,1708.0,1
28,3718.0,1
28,1703.0,1
28,1716.0,1
28,3724.0,1
28,2706.0,1
28,1715.0,1
28,5723.0,1
28,1701.0,1
28,4722.0,1
28,3719.0,1
28,1709.0,1
28,2708.0,1
28,1706.0,1
28,3713.0,1
28,4721.0,1
28,4718.0,1
28,1707.0,1
28,5729.0,1
28,1710.0,1
28,2710.0,1
28,1703.0,1
28,1706.0,1
28,3713.0,1
28,1710.0,1
28,5726.0,1
28,3723.0,1
28,2708.0,1
28,3715.0,1
28,3711.0,1
28,4715.0,1
28,4718.0,1
28,0.0,0
28,0.0,0
28,0.0,0
28,0.0,0
28,0.0,0
28,0.0,0
28,0.0,0
28,0.0,0
28,0.0,0
28,0.0,0
28,0.0,0
28,0.0,0
28,0.0,0
28,0.0,0
28,0.0,0
28,0.0,0
28,0.0,0
28,0.0,0
28,0.0,0
28,0.0,0
28,0.0,0
28,0.0,0
28,0.0,0
29,2967.0,1
29,1707.0,1
29,3714.0,1
29,1706.0,1
29,1708.0,1
29,2716.0,1
29,2705.0,1
29,3711.0,1
29,1702.0,1
29,1705.0,1
29,2713.0,1
29,4720.0,1
29,1707.0,1
29,0.0,0
29,3716.0,1
29,1707.0,1
29,3714.0,1
29,1707.0,1
29,3714.0,1
29,2717.0,1
29,1707.0,1
29,2711.0,1
29,2712.0,1
29,4717.0,1
29,3714.0,1
29,2712.0,1
29,3719.0,1
29,2711.0,1
29,2713.0,1
29,4717.0,1
29,4722.0,1
29,1706.0,1
29,4724.0,1
29,1703.0,1
29,1702.0,1
29,1709.0,1
29,3713.0,1
29,2707.0,1
29,3713.0,1
29,1700.0,1
29,50.0,0
29,4716.0,1
29,1703.0,1
29,1705.0,1
29,1707.0,1
29,2707.0,1
29,3718.0,1
29,1706.0,1
29,3719.0,1
29,2709.0,1
29,0.0,0
29,0.0,0
29,0.0,0
29,0.0,0
29,0.0,0
30,1956.5,1
30,4719.0,1
30,1704.0,1
30,4723.0,1
30,1711.0,1
30,4723.0,1
30,4723.0,1
30,1701.0,1
30,3718.0,1
30,4716.0,1
30,5725.0,1
30,2709.0,1
30,1703.0,1
30,83.99999,0
30,4724.0,1
30,2710.0,1
30,3719.0,1
30,3720.0,1
30,3713.0,1
30,4723.0,1
30,5726.0,1
30,1705.0,1
30,2711.0,1
30,1706.0,1
30,1707.0,1
30,2712.0,1
30,2713.0,1
30,1700.0,1
30,1722.0,1
30,4724.0,1
30,1703.0,1
30,3722.0,1
30,1703.0,1
30,1701.0,1
30,2714.0,1
30,2709.0,1
30,2712.0,1
30,1705.0,1
30,75.0,0
30,4723.0,1
30,1705.0,1
30,1705.0,1
30,2711.0,1
30,1702.0,1
30,1705.0,1
30,3711.0,1
30,3716.0,1
30,3711.0,1
30,1707.0,1
30,4721.0,1
30,0.0,0
30,0.0,0
30,0.0,0
30,0.0,0
30,0.0,0
30,0.0,0
30,0.0,0
30,0.0,0
30,0.0,0
30,0.0,0
30,0.0,0
31,2463.0,1
31,4723.0,1
31,2714.0,1
31,3718.0,1
31,1703.0,1
31,5721.0,1
31,1706.0,1
31,3719.0,1
31,2708.0,1
31,1707.0,1
31,1706.0,1
31,2708.0,1
31,1706.0,1
31,4725.0,1
31,1708.0,1
31,2712.0,1
31,4736.0,1
31,3715.0,1
31,1708.0,1
31,1703.0,1
31,1702.0,1
31,1705.0,1
31,1705.0,1
31,2709.0,1
31,3714.0,1
31,3720.0,1
31,1706.0,1
31,2708.0,1
31,1710.0,1
31,3735.0,1
31,2712.0,1
31,0.0,0
31,1706.0,1
31,2712.0,1
31,1704.0,1
31,1703.0,1
31,1711.0,1
31,1704.0,1
31,2715.0,1
31,0.0,0
31,1709.0,1
31,1708.0,1
31,1707.0,1
31,2706.0,1
31,4718.0,1
31,2713.0,1
31,3713.0,1
31,5728.0,1
31,0.0,0
31,2706.0,1
31,0.0,0
31,0.0,0
31,0.0,0
31,0.0,0
31,0.0,0
31,0.0,0
31,0.0,0
31,0.0,0
31,0.0,0
31,0.0,0
31,0.0,0
31,0.0,0
31,0.0,0
31,0.0,0
31,0.0,0
32,2461.5,1
32,4717.0,1
32,2708.0,1
32,5727.0,1
32,1712.0,1
32,2715.0,1
32,1702.0,1
32,0.0,0
32,3717.0,1
32,1707.0,1
32,2714.0,1
32,3712.0,1
32,1710.0,1
32,1702.0,1
32,4717.0,1
32,5727.0,1
32,2713.0,1
32,0.0,0
32,1701.0,1
32,1708.0,1
32,2709.0,1
32,2708.0,1
32,2711.0,1
32,0.0,0
32,1701.0,1
32,50.0,0
32,1707.0,1
32,4724.0,1
32,1702.0,1
32,3712.0,1
32,4721.0,1
32,1705.0,1
32,1703.0,1
32,3714.0,1
32,4721.0,1
32,2712.0,1
32,1709.0,1
32,1701.0,1
32,1706.0,1
32,2706.0,1
32,3713.0,1
32,2713.0,1
32,1700.0,1
32,4720.0,1
32,1706.0,1
32,2706.0,1
32,4721.0,1
32,4719.0,1
32,3713.0,1
32,3720.0,1
32,0.0,0
32,0.0,0
32,0.0,0
32,0.0,0
32,0.0,0
32,0.0,0
32,0.0,0
32,0.0,0
33,2462.0,1
33,1701.0,1
33,3722.0,1
33,1701.0,1
33,1710.0,1
33,1702.0,1
33,3711.0,1
33,4717.0,1
33,1702.0,1
33,2711.0,1
33,1707.0,1
33,2706.0,1
33,1706.0,1
33,1713.0,1
33,1707.0,1
33,0.0,0
33,1706.0,1
33,2709.0,1
33,1705.0,1
33,2706.0,1
33,4722.0,1
33,1705.0,1
33,2709.0,1
33,1713.0,1
33,1715.0,1
33,1708.0,1
33,2726.0,1
33,2709.0,1
33,2709.0,1
33,4718.0,1
33,5727.0,1
33,2710.0,1
33,2709.0,1
33,1708.0,1
33,4725.0,1
33,4720.0,1
33,50.0,0
33,2710.0,1
33,1708.0,1
33,4721.0,1
33,1704.0,1
33,0.0,0
33,2713.0,1
33,4726.0,1
33,1703.0,1
33,3719.0,1
33,1704.0,1
33,1705.0,1
33,50.0,0
33,4716.0,1
33,0.0,0
33,0.0,0
33,0.0,0
33,0.0,0
